1 59 59 3001
2 59 59 2693
3 59 59 1440
4 59 59 2209
5 59 59 3465
6 59 59 2575
7 59 59 91
8 59 59 3104
9 59 59 307
10 59 59 1671
11 59 59 1588
12 59 59 2589
13 59 59 2583
14 59 59 109
15 59 59 716
16 59 59 1333
17 59 59 2165
18 59 59 1690
19 59 59 487
20 59 59 3247
21 59 59 3066
22 59 59 1041
23 59 59 43
24 59 59 908
25 59 59 2506
26 59 59 2351
27 59 59 339
28 59 59 1647
29 59 59 328
30 59 59 2874
31 59 59 565
32 59 59 1139
33 59 59 3388
34 59 59 734
35 59 59 966
36 59 59 2863
37 59 59 3382
38 59 59 942
39 59 59 1292
40 59 59 1389
41 59 59 2617
42 59 59 3254
43 59 59 2785
44 59 59 865
45 59 59 3317
46 59 59 1997
47 59 59 2915
48 59 59 1555
49 59 59 3119
50 59 59 3257
51 59 59 3192
52 59 59 1687
53 59 59 776
54 59 59 2806
55 59 59 208
56 59 59 934
57 59 59 2641
58 59 59 540
59 59 59 2321
60 59 59 2840
61 59 59 1113
62 59 59 1773
63 59 59 484
64 59 59 1549
65 59 59 2963
66 59 59 1847
67 59 59 462
68 59 59 2126
69 59 59 3061
70 59 59 2669
71 59 59 1143
72 59 59 1542
73 59 59 1960
74 59 59 3323
75 59 59 2470
76 59 59 2157
77 59 59 159
78 59 59 178
79 59 59 236
80 59 59 2590
81 59 59 3203
82 59 59 1810
83 59 59 2539
84 59 59 3151
85 59 59 2160
86 59 59 2917
87 59 59 1589
88 59 59 1501
89 59 59 338
90 59 59 1932
91 59 59 2007
92 59 59 3193
93 59 59 2998
94 59 59 1675
95 59 59 1363
96 59 59 383
97 59 59 2318
98 59 59 1753
99 59 59 3156
100 59 59 2076
101 59 59 1958
102 59 59 2992
103 59 59 542
104 59 59 1307
105 59 59 1464
106 59 59 1388
107 59 59 2781
108 59 59 2478
109 59 59 2273
110 59 59 2908
111 59 59 702
112 59 59 3373
113 59 59 1831
114 59 59 1569
115 59 59 521
116 59 59 2063
117 59 59 2306
118 59 59 1560
119 59 59 84
120 59 59 378
121 59 59 1782
122 59 59 1652
123 59 59 1406
124 59 59 3074
125 59 59 995
126 59 59 2195
127 59 59 2787
128 59 59 3216
129 59 59 2272
130 59 59 78
131 59 59 115
132 59 59 2839
133 59 59 1973
134 59 59 1682
135 59 59 1835
136 59 59 329
137 59 59 550
138 59 59 1372
139 59 59 3477
140 59 59 2313
141 59 59 2720
142 59 59 2374
143 59 59 2032
144 59 59 443
145 59 59 1890
146 59 59 1917
147 59 59 1927
148 59 59 2355
149 59 59 2730
150 59 59 2312
151 59 59 113
152 59 59 2973
153 59 59 372
154 59 59 145
155 59 59 774
156 59 59 3362
157 59 59 2005
158 59 59 3214
159 59 59 3425
160 59 59 2573
161 59 59 1495
162 59 59 2484
163 59 59 1110
164 59 59 3385
165 59 59 1271
166 59 59 1463
167 59 59 2380
168 59 59 582
169 59 59 1039
170 59 59 1171
171 59 59 2492
172 59 59 1094
173 59 59 636
174 59 59 2903
175 59 59 1511
176 59 59 1144
177 59 59 2293
178 59 59 295
179 59 59 1733
180 59 59 1021
181 59 59 2665
182 59 59 1823
183 59 59 111
184 59 59 3475
185 59 59 617
186 59 59 649
187 59 59 1340
188 59 59 2899
189 59 59 1158
190 59 59 2564
191 59 59 2513
192 59 59 847
193 59 59 3393
194 59 59 3018
195 59 59 3265
196 59 59 732
197 59 59 1234
198 59 59 1045
199 59 59 2944
200 59 59 2403
201 59 59 749
202 59 59 156
203 59 59 3000
204 59 59 981
205 59 59 122
206 59 59 1862
207 59 59 562
208 59 59 871
209 59 59 990
210 59 59 364
211 59 59 1046
212 59 59 2460
213 59 59 2271
214 59 59 2847
215 59 59 1149
216 59 59 1306
217 59 59 2572
218 59 59 2220
219 59 59 2205
220 59 59 267
221 59 59 3072
222 59 59 3295
223 59 59 962
224 59 59 11
225 59 59 1869
226 59 59 1765
227 59 59 1368
228 59 59 2116
229 59 59 2018
230 59 59 2237
231 59 59 1514
232 59 59 2254
233 59 59 511
234 59 59 2359
235 59 59 722
236 59 59 1796
237 59 59 2489
238 59 59 240
239 59 59 2586
240 59 59 107
241 59 59 842
242 59 59 1953
243 59 59 1048
244 59 59 1022
245 59 59 2140
246 59 59 160
247 59 59 455
248 59 59 2875
249 59 59 3068
250 59 59 319
251 59 59 2841
252 59 59 2333
253 59 59 1609
254 59 59 3337
255 59 59 1790
256 59 59 53
257 59 59 1536
258 59 59 3130
259 59 59 1244
260 59 59 133
261 59 59 1970
262 59 59 818
263 59 59 2246
264 59 59 961
265 59 59 471
266 59 59 1561
267 59 59 2182
268 59 59 3445
269 59 59 241
270 59 59 258
271 59 59 3145
272 59 59 30
273 59 59 829
274 59 59 457
275 59 59 2694
276 59 59 2609
277 59 59 3316
278 59 59 3123
279 59 59 2700
280 59 59 585
281 59 59 1680
282 59 59 3070
283 59 59 2385
284 59 59 1646
285 59 59 545
286 59 59 938
287 59 59 2012
288 59 59 677
289 59 59 2814
290 59 59 2414
291 59 59 1023
292 59 59 904
293 59 59 2666
294 59 59 2161
295 59 59 2690
296 59 59 2558
297 59 59 1073
298 59 59 2560
299 59 59 1813
300 59 59 2360
301 59 59 1593
302 59 59 2110
303 59 59 2895
304 59 59 1732
305 59 59 2679
306 59 59 660
307 59 59 2083
308 59 59 2851
309 59 59 696
310 59 59 693
311 59 59 3437
312 59 59 3249
313 59 59 412
314 59 59 2052
315 59 59 2680
316 59 59 311
317 59 59 66
318 59 59 217
319 59 59 397
320 59 59 1457
321 59 59 2868
322 59 59 1637
323 59 59 2684
324 59 59 2756
325 59 59 3062
326 59 59 530
327 59 59 993
328 59 59 634
329 59 59 1396
330 59 59 2183
331 59 59 2663
332 59 59 1834
333 59 59 1033
334 59 59 74
335 59 59 1316
336 59 59 2834
337 59 59 1804
338 59 59 447
339 59 59 1219
340 59 59 1187
341 59 59 1195
342 59 59 2642
343 59 59 1483
344 59 59 2307
345 59 59 1728
346 59 59 3315
347 59 59 3038
348 59 59 256
349 59 59 3384
350 59 59 475
351 59 59 1078
352 59 59 623
353 59 59 1638
354 59 59 21
355 59 59 2400
356 59 59 1051
357 59 59 1084
358 59 59 2522
359 59 59 3152
360 59 59 2744
361 59 59 3449
362 59 59 433
363 59 59 3173
364 59 59 2438
365 59 59 1619
366 59 59 786
367 59 59 2655
368 59 59 2940
369 59 59 2517
370 59 59 22
371 59 59 1117
372 59 59 1338
373 59 59 171
374 59 59 3303
375 59 59 2213
376 59 59 804
377 59 59 2995
378 59 59 3017
379 59 59 491
380 59 59 85
381 59 59 2389
382 59 59 2444
383 59 59 1010
384 59 59 463
385 59 59 2255
386 59 59 70
387 59 59 1220
388 59 59 3187
389 59 59 3428
390 59 59 1744
391 59 59 3480
392 59 59 3255
393 59 59 124
394 59 59 2521
395 59 59 718
396 59 59 2735
397 59 59 3451
398 59 59 2322
399 59 59 2091
400 59 59 1666
401 59 59 314
402 59 59 2974
403 59 59 2525
404 59 59 77
405 59 59 2576
406 59 59 2024
407 59 59 2567
408 59 59 1442
409 59 59 1366
410 59 59 3412
411 59 59 2122
412 59 59 3071
413 59 59 406
414 59 59 142
415 59 59 643
416 59 59 1462
417 59 59 1169
418 59 59 1460
419 59 59 2825
420 59 59 1755
421 59 59 1218
422 59 59 2858
423 59 59 27
424 59 59 1173
425 59 59 1444
426 59 59 3223
427 59 59 590
428 59 59 1241
429 59 59 800
430 59 59 2592
431 59 59 1015
432 59 59 2152
433 59 59 2143
434 59 59 235
435 59 59 1414
436 59 59 1590
437 59 59 3365
438 59 59 181
439 59 59 2086
440 59 59 2064
441 59 59 1254
442 59 59 2928
443 59 59 2402
444 59 59 1289
445 59 59 445
446 59 59 857
447 59 59 830
448 59 59 3096
449 59 59 2146
450 59 59 1493
451 59 59 996
452 59 59 86
453 59 59 1017
454 59 59 2646
455 59 59 1949
456 59 59 2942
457 59 59 3046
458 59 59 2532
459 59 59 1156
460 59 59 2881
461 59 59 868
462 59 59 1643
463 59 59 2511
464 59 59 943
465 59 59 1456
466 59 59 3444
467 59 59 1995
468 59 59 1370
469 59 59 423
470 59 59 1972
471 59 59 1936
472 59 59 2634
473 59 59 1789
474 59 59 2010
475 59 59 629
476 59 59 2375
477 59 59 973
478 59 59 2640
479 59 59 1176
480 59 59 2710
481 59 59 408
482 59 59 225
483 59 59 125
484 59 59 2713
485 59 59 1956
486 59 59 2043
487 59 59 3206
488 59 59 2729
489 59 59 1382
490 59 59 1952
491 59 59 587
492 59 59 1802
493 59 59 3060
494 59 59 173
495 59 59 2394
496 59 59 3069
497 59 59 2645
498 59 59 2191
499 59 59 2757
500 59 59 821
501 59 59 2446
502 59 59 2041
503 59 59 2298
504 59 59 2652
505 59 59 1572
506 59 59 1451
507 59 59 2088
508 59 59 2705
509 59 59 3391
510 59 59 114
511 59 59 2232
512 59 59 2883
513 59 59 2424
514 59 59 2
515 59 59 2404
516 59 59 3227
517 59 59 2162
518 59 59 3165
519 59 59 2408
520 59 59 1642
521 59 59 1991
522 59 59 2245
523 59 59 2559
524 59 59 1961
525 59 59 922
526 59 59 2053
527 59 59 2396
528 59 59 1608
529 59 59 2782
530 59 59 2873
531 59 59 2409
532 59 59 2856
533 59 59 3091
534 59 59 3461
535 59 59 3080
536 59 59 1011
537 59 59 2017
538 59 59 2357
539 59 59 1076
540 59 59 1586
541 59 59 167
542 59 59 1676
543 59 59 1966
544 59 59 802
545 59 59 2482
546 59 59 2704
547 59 59 1842
548 59 59 2748
549 59 59 1354
550 59 59 986
551 59 59 3031
552 59 59 1751
553 59 59 1001
554 59 59 1603
555 59 59 564
556 59 59 3024
557 59 59 866
558 59 59 2020
559 59 59 1192
560 59 59 3468
561 59 59 809
562 59 59 458
563 59 59 3098
564 59 59 3307
565 59 59 2668
566 59 59 1213
567 59 59 567
568 59 59 60
569 59 59 1977
570 59 59 968
571 59 59 3086
572 59 59 388
573 59 59 2371
574 59 59 2894
575 59 59 918
576 59 59 2930
577 59 59 2026
578 59 59 1559
579 59 59 1050
580 59 59 2303
581 59 59 347
582 59 59 2613
583 59 59 3082
584 59 59 3008
585 59 59 1759
586 59 59 889
587 59 59 2768
588 59 59 583
589 59 59 3153
590 59 59 655
591 59 59 439
592 59 59 1968
593 59 59 1962
594 59 59 3221
595 59 59 1919
596 59 59 3413
597 59 59 2516
598 59 59 1081
599 59 59 1167
600 59 59 1933
601 59 59 3081
602 59 59 2061
603 59 59 2362
604 59 59 2412
605 59 59 2999
606 59 59 944
607 59 59 1378
608 59 59 589
609 59 59 2569
610 59 59 253
611 59 59 1079
612 59 59 2176
613 59 59 214
614 59 59 2941
615 59 59 185
616 59 59 2660
617 59 59 1101
618 59 59 3322
619 59 59 140
620 59 59 3149
621 59 59 1471
622 59 59 2090
623 59 59 2119
624 59 59 2761
625 59 59 1153
626 59 59 1931
627 59 59 1362
628 59 59 1068
629 59 59 3386
630 59 59 633
631 59 59 939
632 59 59 2131
633 59 59 2009
634 59 59 1155
635 59 59 56
636 59 59 1908
637 59 59 73
638 59 59 93
639 59 59 2426
640 59 59 1770
641 59 59 422
642 59 59 879
643 59 59 2486
644 59 59 1527
645 59 59 71
646 59 59 2996
647 59 59 992
648 59 59 1594
649 59 59 2741
650 59 59 3222
651 59 59 1658
652 59 59 282
653 59 59 2505
654 59 59 3327
655 59 59 1909
656 59 59 430
657 59 59 1653
658 59 59 2039
659 59 59 3067
660 59 59 197
661 59 59 2984
662 59 59 977
663 59 59 1582
664 59 59 3235
665 59 59 2752
666 59 59 3326
667 59 59 2128
668 59 59 1656
669 59 59 1767
670 59 59 2804
671 59 59 1725
672 59 59 1914
673 59 59 886
674 59 59 1386
675 59 59 2731
676 59 59 3211
677 59 59 1901
678 59 59 83
679 59 59 444
680 59 59 2454
681 59 59 2805
682 59 59 3077
683 59 59 232
684 59 59 3143
685 59 59 137
686 59 59 519
687 59 59 2662
688 59 59 1399
689 59 59 1160
690 59 59 522
691 59 59 3284
692 59 59 2703
693 59 59 2259
694 59 59 827
695 59 59 104
696 59 59 811
697 59 59 3394
698 59 59 2850
699 59 59 1007
700 59 59 2288
701 59 59 2594
702 59 59 1516
703 59 59 3351
704 59 59 3087
705 59 59 2587
706 59 59 618
707 59 59 2867
708 59 59 2577
709 59 59 3306
710 59 59 556
711 59 59 963
712 59 59 1469
713 59 59 1364
714 59 59 1191
715 59 59 1567
716 59 59 529
717 59 59 1075
718 59 59 1639
719 59 59 704
720 59 59 1748
721 59 59 1019
722 59 59 1974
723 59 59 1136
724 59 59 2310
725 59 59 351
726 59 59 1866
727 59 59 1231
728 59 59 2411
729 59 59 3162
730 59 59 2332
731 59 59 2837
732 59 59 1686
733 59 59 539
734 59 59 1123
735 59 59 721
736 59 59 2185
737 59 59 903
738 59 59 2510
739 59 59 2384
740 59 59 2467
741 59 59 2890
742 59 59 1002
743 59 59 2493
744 59 59 3253
745 59 59 3010
746 59 59 1142
747 59 59 1688
748 59 59 607
749 59 59 92
750 59 59 298
751 59 59 808
752 59 59 106
753 59 59 768
754 59 59 1060
755 59 59 624
756 59 59 340
757 59 59 2252
758 59 59 1006
759 59 59 686
760 59 59 599
761 59 59 2854
762 59 59 94
763 59 59 2853
764 59 59 3241
765 59 59 276
766 59 59 3272
767 59 59 541
768 59 59 658
769 59 59 39
770 59 59 837
771 59 59 1870
772 59 59 1134
773 59 59 390
774 59 59 1684
775 59 59 3294
776 59 59 396
777 59 59 523
778 59 59 194
779 59 59 1980
780 59 59 183
781 59 59 1184
782 59 59 3282
783 59 59 697
784 59 59 971
785 59 59 838
786 59 59 2610
787 59 59 1837
788 59 59 382
789 59 59 2417
790 59 59 3005
791 59 59 429
792 59 59 2416
793 59 59 1031
794 59 59 2079
795 59 59 2593
796 59 59 2230
797 59 59 41
798 59 59 3106
799 59 59 1739
800 59 59 929
801 59 59 362
802 59 59 2423
803 59 59 2483
804 59 59 3457
805 59 59 3271
806 59 59 272
807 59 59 2155
808 59 59 2317
809 59 59 646
810 59 59 2337
811 59 59 3344
812 59 59 2172
813 59 59 2578
814 59 59 2682
815 59 59 212
816 59 59 1165
817 59 59 2474
818 59 59 288
819 59 59 2786
820 59 59 1552
821 59 59 1781
822 59 59 1225
823 59 59 222
824 59 59 505
825 59 59 188
826 59 59 1934
827 59 59 3073
828 59 59 2677
829 59 59 2025
830 59 59 3171
831 59 59 1055
832 59 59 2923
833 59 59 3392
834 59 59 1583
835 59 59 1930
836 59 59 417
837 59 59 952
838 59 59 2124
839 59 59 2614
840 59 59 2208
841 59 59 2258
842 59 59 1575
843 59 59 483
844 59 59 3053
845 59 59 507
846 59 59 2075
847 59 59 2030
848 59 59 2822
849 59 59 1539
850 59 59 3473
851 59 59 1648
852 59 59 2468
853 59 59 2965
854 59 59 3006
855 59 59 428
856 59 59 828
857 59 59 925
858 59 59 698
859 59 59 2340
860 59 59 935
861 59 59 3452
862 59 59 3350
863 59 59 149
864 59 59 1752
865 59 59 440
866 59 59 3029
867 59 59 2828
868 59 59 1657
869 59 59 345
870 59 59 3277
871 59 59 1494
872 59 59 1085
873 59 59 2085
874 59 59 391
875 59 59 252
876 59 59 1294
877 59 59 2339
878 59 59 2507
879 59 59 869
880 59 59 157
881 59 59 1703
882 59 59 210
883 59 59 344
884 59 59 3471
885 59 59 2234
886 59 59 127
887 59 59 1383
888 59 59 1786
889 59 59 3423
890 59 59 2524
891 59 59 910
892 59 59 153
893 59 59 2251
894 59 59 248
895 59 59 2653
896 59 59 392
897 59 59 1891
898 59 59 1054
899 59 59 1543
900 59 59 370
901 59 59 3055
902 59 59 286
903 59 59 664
904 59 59 1163
905 59 59 1202
906 59 59 1248
907 59 59 862
908 59 59 2319
909 59 59 1453
910 59 59 746
911 59 59 2584
912 59 59 2769
913 59 59 58
914 59 59 665
915 59 59 513
916 59 59 1621
917 59 59 1278
918 59 59 3443
919 59 59 674
920 59 59 2262
921 59 59 1427
922 59 59 503
923 59 59 1563
924 59 59 169
925 59 59 3051
926 59 59 369
927 59 59 1071
928 59 59 2625
929 59 59 2485
930 59 59 3422
931 59 59 2472
932 59 59 1273
933 59 59 2302
934 59 59 3041
935 59 59 1343
936 59 59 1808
937 59 59 3296
938 59 59 2817
939 59 59 3112
940 59 59 389
941 59 59 2215
942 59 59 1852
943 59 59 2987
944 59 59 147
945 59 59 3312
946 59 59 1674
947 59 59 413
948 59 59 2876
949 59 59 1616
950 59 59 898
951 59 59 1633
952 59 59 1707
953 59 59 2754
954 59 59 2776
955 59 59 758
956 59 59 3231
957 59 59 1246
958 59 59 710
959 59 59 1863
960 59 59 644
961 59 59 979
962 59 59 1182
963 59 59 1432
964 59 59 1911
965 59 59 2912
966 59 59 1815
967 59 59 1473
968 59 59 1612
969 59 59 2599
970 59 59 3285
971 59 59 1498
972 59 59 2114
973 59 59 3417
974 59 59 2726
975 59 59 2037
976 59 59 2907
977 59 59 2591
978 59 59 2958
979 59 59 3335
980 59 59 3463
981 59 59 1441
982 59 59 791
983 59 59 913
984 59 59 405
985 59 59 1274
986 59 59 1943
987 59 59 2520
988 59 59 2203
989 59 59 1189
990 59 59 1600
991 59 59 3141
992 59 59 2611
993 59 59 2548
994 59 59 260
995 59 59 2759
996 59 59 1352
997 59 59 323
998 59 59 2499
999 59 59 2695
1000 59 59 306
1001 59 59 1012
1002 59 59 803
1003 59 59 1381
1004 59 59 1691
1005 59 59 2938
1006 59 59 951
1007 59 59 1201
1008 59 59 415
1009 59 59 662
1010 59 59 945
1011 59 59 625
1012 59 59 2849
1013 59 59 1780
1014 59 59 2775
1015 59 59 1884
1016 59 59 1276
1017 59 59 2530
1018 59 59 1644
1019 59 59 239
1020 59 59 748
1021 59 59 1205
1022 59 59 1663
1023 59 59 2192
1024 59 59 1199
1025 59 59 381
1026 59 59 130
1027 59 59 1895
1028 59 59 826
1029 59 59 1416
1030 59 59 2872
1031 59 59 333
1032 59 59 1410
1033 59 59 303
1034 59 59 2971
1035 59 59 1818
1036 59 59 799
1037 59 59 1889
1038 59 59 424
1039 59 59 2887
1040 59 59 325
1041 59 59 182
1042 59 59 3267
1043 59 59 3460
1044 59 59 348
1045 59 59 1741
1046 59 59 1281
1047 59 59 175
1048 59 59 1776
1049 59 59 2453
1050 59 59 1562
1051 59 59 1819
1052 59 59 2897
1053 59 59 2803
1054 59 59 672
1055 59 59 2006
1056 59 59 2990
1057 59 59 1988
1058 59 59 1738
1059 59 59 2648
1060 59 59 1850
1061 59 59 35
1062 59 59 1135
1063 59 59 496
1064 59 59 907
1065 59 59 1369
1066 59 59 1042
1067 59 59 2651
1068 59 59 2056
1069 59 59 2242
1070 59 59 1097
1071 59 59 261
1072 59 59 2549
1073 59 59 2498
1074 59 59 2888
1075 59 59 1912
1076 59 59 2947
1077 59 59 2397
1078 59 59 715
1079 59 59 586
1080 59 59 833
1081 59 59 2725
1082 59 59 2275
1083 59 59 725
1084 59 59 1177
1085 59 59 2664
1086 59 59 2325
1087 59 59 2229
1088 59 59 1301
1089 59 59 2442
1090 59 59 2367
1091 59 59 1259
1092 59 59 2982
1093 59 59 2810
1094 59 59 1830
1095 59 59 1714
1096 59 59 2281
1097 59 59 1758
1098 59 59 915
1099 59 59 2514
1100 59 59 1985
1101 59 59 1883
1102 59 59 515
1103 59 59 2149
1104 59 59 438
1105 59 59 2407
1106 59 59 1925
1107 59 59 3191
1108 59 59 2604
1109 59 59 1357
1110 59 59 65
1111 59 59 2866
1112 59 59 274
1113 59 59 3108
1114 59 59 3095
1115 59 59 2848
1116 59 59 514
1117 59 59 2760
1118 59 59 902
1119 59 59 2198
1120 59 59 3399
1121 59 59 1685
1122 59 59 1342
1123 59 59 453
1124 59 59 731
1125 59 59 2743
1126 59 59 1328
1127 59 59 2069
1128 59 59 570
1129 59 59 1130
1130 59 59 331
1131 59 59 1630
1132 59 59 573
1133 59 59 1303
1134 59 59 2431
1135 59 59 2308
1136 59 59 190
1137 59 59 3174
1138 59 59 3278
1139 59 59 2495
1140 59 59 3464
1141 59 59 1204
1142 59 59 1553
1143 59 59 1681
1144 59 59 2844
1145 59 59 2040
1146 59 59 1718
1147 59 59 1095
1148 59 59 3308
1149 59 59 1531
1150 59 59 628
1151 59 59 1477
1152 59 59 1121
1153 59 59 822
1154 59 59 1679
1155 59 59 740
1156 59 59 1151
1157 59 59 2793
1158 59 59 578
1159 59 59 2386
1160 59 59 366
1161 59 59 218
1162 59 59 3447
1163 59 59 361
1164 59 59 2563
1165 59 59 2268
1166 59 59 1197
1167 59 59 508
1168 59 59 3019
1169 59 59 2657
1170 59 59 3188
1171 59 59 2654
1172 59 59 3360
1173 59 59 2466
1174 59 59 2236
1175 59 59 346
1176 59 59 2488
1177 59 59 1544
1178 59 59 1668
1179 59 59 264
1180 59 59 640
1181 59 59 3131
1182 59 59 2363
1183 59 59 3093
1184 59 59 1746
1185 59 59 3004
1186 59 59 2518
1187 59 59 3363
1188 59 59 302
1189 59 59 1405
1190 59 59 3025
1191 59 59 1944
1192 59 59 1935
1193 59 59 3397
1194 59 59 3479
1195 59 59 2194
1196 59 59 387
1197 59 59 1215
1198 59 59 3458
1199 59 59 3186
1200 59 59 884
1201 59 59 3364
1202 59 59 2821
1203 59 59 1525
1204 59 59 987
1205 59 59 293
1206 59 59 2439
1207 59 59 825
1208 59 59 416
1209 59 59 1829
1210 59 59 1133
1211 59 59 360
1212 59 59 701
1213 59 59 1454
1214 59 59 3181
1215 59 59 2443
1216 59 59 2001
1217 59 59 1906
1218 59 59 1178
1219 59 59 2175
1220 59 59 3319
1221 59 59 450
1222 59 59 708
1223 59 59 547
1224 59 59 743
1225 59 59 395
1226 59 59 287
1227 59 59 3280
1228 59 59 3409
1229 59 59 3403
1230 59 59 974
1231 59 59 291
1232 59 59 1669
1233 59 59 3260
1234 59 59 761
1235 59 59 3233
1236 59 59 2747
1237 59 59 2364
1238 59 59 1467
1239 59 59 850
1240 59 59 845
1241 59 59 2916
1242 59 59 3421
1243 59 59 2382
1244 59 59 1592
1245 59 59 2529
1246 59 59 459
1247 59 59 1513
1248 59 59 1979
1249 59 59 2638
1250 59 59 166
1251 59 59 3436
1252 59 59 320
1253 59 59 538
1254 59 59 1147
1255 59 59 435
1256 59 59 1063
1257 59 59 2354
1258 59 59 1731
1259 59 59 2979
1260 59 59 3100
1261 59 59 1208
1262 59 59 2674
1263 59 59 2988
1264 59 59 635
1265 59 59 493
1266 59 59 3420
1267 59 59 2405
1268 59 59 3406
1269 59 59 3132
1270 59 59 3134
1271 59 59 1571
1272 59 59 955
1273 59 59 128
1274 59 59 1631
1275 59 59 1349
1276 59 59 1206
1277 59 59 46
1278 59 59 1654
1279 59 59 1875
1280 59 59 502
1281 59 59 1989
1282 59 59 1522
1283 59 59 1556
1284 59 59 2244
1285 59 59 6
1286 59 59 116
1287 59 59 3276
1288 59 59 1280
1289 59 59 741
1290 59 59 1615
1291 59 59 1361
1292 59 59 1270
1293 59 59 1660
1294 59 59 622
1295 59 59 2926
1296 59 59 3405
1297 59 59 379
1298 59 59 1924
1299 59 59 594
1300 59 59 2461
1301 59 59 1963
1302 59 59 504
1303 59 59 863
1304 59 59 144
1305 59 59 1736
1306 59 59 1954
1307 59 59 3101
1308 59 59 1313
1309 59 59 2957
1310 59 59 3137
1311 59 59 1497
1312 59 59 673
1313 59 59 853
1314 59 59 2956
1315 59 59 2898
1316 59 59 2100
1317 59 59 1125
1318 59 59 2148
1319 59 59 3304
1320 59 59 1557
1321 59 59 1784
1322 59 59 2167
1323 59 59 2479
1324 59 59 2734
1325 59 59 771
1326 59 59 867
1327 59 59 1929
1328 59 59 432
1329 59 59 2627
1330 59 59 2581
1331 59 59 2419
1332 59 59 1052
1333 59 59 3339
1334 59 59 1478
1335 59 59 1067
1336 59 59 3103
1337 59 59 134
1338 59 59 543
1339 59 59 2304
1340 59 59 852
1341 59 59 2314
1342 59 59 1224
1343 59 59 3079
1344 59 59 2170
1345 59 59 2352
1346 59 59 2797
1347 59 59 246
1348 59 59 2799
1349 59 59 836
1350 59 59 2369
1351 59 59 2186
1352 59 59 2267
1353 59 59 3343
1354 59 59 1250
1355 59 59 598
1356 59 59 3332
1357 59 59 2886
1358 59 59 2969
1359 59 59 806
1360 59 59 509
1361 59 59 31
1362 59 59 1742
1363 59 59 675
1364 59 59 3374
1365 59 59 3472
1366 59 59 1311
1367 59 59 1851
1368 59 59 3160
1369 59 59 1730
1370 59 59 3368
1371 59 59 1186
1372 59 59 2633
1373 59 59 937
1374 59 59 1756
1375 59 59 305
1376 59 59 2497
1377 59 59 3311
1378 59 59 2240
1379 59 59 1108
1380 59 59 932
1381 59 59 882
1382 59 59 40
1383 59 59 186
1384 59 59 669
1385 59 59 3094
1386 59 59 1768
1387 59 59 1526
1388 59 59 1529
1389 59 59 596
1390 59 59 50
1391 59 59 2123
1392 59 59 1578
1393 59 59 1106
1394 59 59 823
1395 59 59 139
1396 59 59 1838
1397 59 59 2399
1398 59 59 2034
1399 59 59 2597
1400 59 59 3367
1401 59 59 783
1402 59 59 3320
1403 59 59 1568
1404 59 59 1339
1405 59 59 2481
1406 59 59 2159
1407 59 59 2607
1408 59 59 2346
1409 59 59 2585
1410 59 59 2047
1411 59 59 1226
1412 59 59 2179
1413 59 59 2667
1414 59 59 1326
1415 59 59 275
1416 59 59 371
1417 59 59 1114
1418 59 59 3347
1419 59 59 1506
1420 59 59 2153
1421 59 59 2451
1422 59 59 988
1423 59 59 3439
1424 59 59 3297
1425 59 59 1207
1426 59 59 1743
1427 59 59 1554
1428 59 59 767
1429 59 59 1605
1430 59 59 1393
1431 59 59 3453
1432 59 59 1602
1433 59 59 262
1434 59 59 3113
1435 59 59 470
1436 59 59 36
1437 59 59 2602
1438 59 59 728
1439 59 59 1897
1440 59 59 2066
1441 59 59 948
1442 59 59 2794
1443 59 59 3310
1444 59 59 917
1445 59 59 2945
1446 59 59 3407
1447 59 59 2256
1448 59 59 1486
1449 59 59 747
1450 59 59 2857
1451 59 59 1886
1452 59 59 2212
1453 59 59 3172
1454 59 59 1025
1455 59 59 2473
1456 59 59 268
1457 59 59 1003
1458 59 59 2878
1459 59 59 2543
1460 59 59 3370
1461 59 59 2778
1462 59 59 2893
1463 59 59 1242
1464 59 59 600
1465 59 59 1302
1466 59 59 2345
1467 59 59 770
1468 59 59 2095
1469 59 59 679
1470 59 59 1868
1471 59 59 19
1472 59 59 2842
1473 59 59 609
1474 59 59 1293
1475 59 59 482
1476 59 59 3293
1477 59 59 756
1478 59 59 1367
1479 59 59 997
1480 59 59 1519
1481 59 59 1126
1482 59 59 1272
1483 59 59 1032
1484 59 59 1787
1485 59 59 700
1486 59 59 1705
1487 59 59 1209
1488 59 59 874
1489 59 59 813
1490 59 59 363
1491 59 59 2582
1492 59 59 228
1493 59 59 2432
1494 59 59 3238
1495 59 59 1152
1496 59 59 1942
1497 59 59 2790
1498 59 59 2036
1499 59 59 3398
1500 59 59 2016
1501 59 59 2216
1502 59 59 3298
1503 59 59 1641
1504 59 59 3266
1505 59 59 1028
1506 59 59 1474
1507 59 59 3035
1508 59 59 485
1509 59 59 2031
1510 59 59 2722
1511 59 59 1913
1512 59 59 2401
1513 59 59 3084
1514 59 59 2002
1515 59 59 2092
1516 59 59 123
1517 59 59 2596
1518 59 59 2425
1519 59 59 200
1520 59 59 650
1521 59 59 604
1522 59 59 1119
1523 59 59 500
1524 59 59 1255
1525 59 59 2228
1526 59 59 3325
1527 59 59 3089
1528 59 59 393
1529 59 59 3212
1530 59 59 1846
1531 59 59 703
1532 59 59 1762
1533 59 59 1194
1534 59 59 13
1535 59 59 834
1536 59 59 2028
1537 59 59 1309
1538 59 59 224
1539 59 59 1409
1540 59 59 3467
1541 59 59 978
1542 59 59 745
1543 59 59 29
1544 59 59 227
1545 59 59 247
1546 59 59 184
1547 59 59 2343
1548 59 59 18
1549 59 59 1317
1550 59 59 150
1551 59 59 384
1552 59 59 1876
1553 59 59 2274
1554 59 59 2106
1555 59 59 90
1556 59 59 1487
1557 59 59 1185
1558 59 59 187
1559 59 59 2070
1560 59 59 2142
1561 59 59 2420
1562 59 59 2553
1563 59 59 1488
1564 59 59 192
1565 59 59 2147
1566 59 59 3396
1567 59 59 657
1568 59 59 263
1569 59 59 1778
1570 59 59 477
1571 59 59 1472
1572 59 59 2554
1573 59 59 2962
1574 59 59 1724
1575 59 59 3338
1576 59 59 3198
1577 59 59 1916
1578 59 59 2180
1579 59 59 880
1580 59 59 87
1581 59 59 3395
1582 59 59 3429
1583 59 59 2929
1584 59 59 3281
1585 59 59 1412
1586 59 59 2459
1587 59 59 352
1588 59 59 474
1589 59 59 1585
1590 59 59 1138
1591 59 59 2435
1592 59 59 100
1593 59 59 2717
1594 59 59 581
1595 59 59 2395
1596 59 59 1247
1597 59 59 2845
1598 59 59 441
1599 59 59 1604
1600 59 59 3435
1601 59 59 1598
1602 59 59 3387
1603 59 59 1853
1604 59 59 2188
1605 59 59 3210
1606 59 59 3390
1607 59 59 2415
1608 59 59 1892
1609 59 59 1426
1610 59 59 2112
1611 59 59 2545
1612 59 59 2189
1613 59 59 2062
1614 59 59 1771
1615 59 59 1448
1616 59 59 1100
1617 59 59 3027
1618 59 59 1769
1619 59 59 2551
1620 59 59 795
1621 59 59 1009
1622 59 59 2334
1623 59 59 2885
1624 59 59 2784
1625 59 59 3122
1626 59 59 1624
1627 59 59 270
1628 59 59 1480
1629 59 59 548
1630 59 59 3218
1631 59 59 682
1632 59 59 759
1633 59 59 1832
1634 59 59 1180
1635 59 59 3246
1636 59 59 126
1637 59 59 1937
1638 59 59 2791
1639 59 59 2905
1640 59 59 3442
1641 59 59 1445
1642 59 59 3288
1643 59 59 2983
1644 59 59 1611
1645 59 59 414
1646 59 59 1321
1647 59 59 2103
1648 59 59 131
1649 59 59 2289
1650 59 59 941
1651 59 59 1650
1652 59 59 1537
1653 59 59 3346
1654 59 59 2914
1655 59 59 3102
1656 59 59 3180
1657 59 59 787
1658 59 59 2447
1659 59 59 1622
1660 59 59 460
1661 59 59 1439
1662 59 59 1844
1663 59 59 1020
1664 59 59 238
1665 59 59 775
1666 59 59 595
1667 59 59 2777
1668 59 59 2248
1669 59 59 3287
1670 59 59 1061
1671 59 59 807
1672 59 59 420
1673 59 59 754
1674 59 59 1492
1675 59 59 1848
1676 59 59 2541
1677 59 59 5
1678 59 59 2452
1679 59 59 2014
1680 59 59 266
1681 59 59 1314
1682 59 59 1249
1683 59 59 2300
1684 59 59 431
1685 59 59 936
1686 59 59 3020
1687 59 59 678
1688 59 59 2774
1689 59 59 2349
1690 59 59 2753
1691 59 59 2027
1692 59 59 2221
1693 59 59 373
1694 59 59 2550
1695 59 59 461
1696 59 59 2187
1697 59 59 2711
1698 59 59 2601
1699 59 59 1747
1700 59 59 38
1701 59 59 3012
1702 59 59 1353
1703 59 59 2846
1704 59 59 3109
1705 59 59 3126
1706 59 59 3184
1707 59 59 2661
1708 59 59 2233
1709 59 59 610
1710 59 59 2707
1711 59 59 1938
1712 59 59 1375
1713 59 59 1099
1714 59 59 1584
1715 59 59 3045
1716 59 59 179
1717 59 59 3208
1718 59 59 760
1719 59 59 676
1720 59 59 3427
1721 59 59 138
1722 59 59 1429
1723 59 59 1422
1724 59 59 631
1725 59 59 954
1726 59 59 151
1727 59 59 2504
1728 59 59 467
1729 59 59 1290
1730 59 59 2571
1731 59 59 265
1732 59 59 3139
1733 59 59 914
1734 59 59 12
1735 59 59 3155
1736 59 59 1424
1737 59 59 969
1738 59 59 1059
1739 59 59 3135
1740 59 59 723
1741 59 59 2535
1742 59 59 860
1743 59 59 1325
1744 59 59 24
1745 59 59 3283
1746 59 59 3009
1747 59 59 1198
1748 59 59 2922
1749 59 59 3286
1750 59 59 1438
1751 59 59 1750
1752 59 59 3331
1753 59 59 2714
1754 59 59 385
1755 59 59 959
1756 59 59 2049
1757 59 59 2029
1758 59 59 1318
1759 59 59 1606
1760 59 59 442
1761 59 59 1433
1762 59 59 289
1763 59 59 2946
1764 59 59 885
1765 59 59 1093
1766 59 59 68
1767 59 59 283
1768 59 59 354
1769 59 59 1096
1770 59 59 2836
1771 59 59 304
1772 59 59 2003
1773 59 59 999
1774 59 59 1841
1775 59 59 2073
1776 59 59 3199
1777 59 59 1279
1778 59 59 2257
1779 59 59 1240
1780 59 59 2471
1781 59 59 499
1782 59 59 2833
1783 59 59 2819
1784 59 59 2709
1785 59 59 7
1786 59 59 1547
1787 59 59 793
1788 59 59 1211
1789 59 59 2904
1790 59 59 2574
1791 59 59 605
1792 59 59 2501
1793 59 59 1056
1794 59 59 1000
1795 59 59 2348
1796 59 59 3273
1797 59 59 1065
1798 59 59 1308
1799 59 59 2727
1800 59 59 3251
1801 59 59 497
1802 59 59 2502
1803 59 59 923
1804 59 59 571
1805 59 59 2331
1806 59 59 2689
1807 59 59 334
1808 59 59 1129
1809 59 59 2111
1810 59 59 3330
1811 59 59 681
1812 59 59 1699
1813 59 59 16
1814 59 59 516
1815 59 59 2139
1816 59 59 3432
1817 59 59 2097
1818 59 59 619
1819 59 59 419
1820 59 59 343
1821 59 59 2832
1822 59 59 3380
1823 59 59 2780
1824 59 59 1715
1825 59 59 1599
1826 59 59 1905
1827 59 59 927
1828 59 59 57
1829 59 59 1447
1830 59 59 670
1831 59 59 1821
1832 59 59 207
1833 59 59 2377
1834 59 59 875
1835 59 59 2811
1836 59 59 2519
1837 59 59 1320
1838 59 59 790
1839 59 59 2235
1840 59 59 3107
1841 59 59 3204
1842 59 59 2579
1843 59 59 398
1844 59 59 469
1845 59 59 1811
1846 59 59 2796
1847 59 59 537
1848 59 59 2762
1849 59 59 3078
1850 59 59 3348
1851 59 59 437
1852 59 59 2089
1853 59 59 1793
1854 59 59 473
1855 59 59 2624
1856 59 59 2528
1857 59 59 3333
1858 59 59 3219
1859 59 59 2163
1860 59 59 201
1861 59 59 2994
1862 59 59 152
1863 59 59 1118
1864 59 59 2305
1865 59 59 2509
1866 59 59 141
1867 59 59 518
1868 59 59 1885
1869 59 59 1227
1870 59 59 25
1871 59 59 61
1872 59 59 1481
1873 59 59 1856
1874 59 59 1229
1875 59 59 1745
1876 59 59 1694
1877 59 59 2067
1878 59 59 2383
1879 59 59 3054
1880 59 59 2436
1881 59 59 689
1882 59 59 1430
1883 59 59 2058
1884 59 59 1265
1885 59 59 2227
1886 59 59 881
1887 59 59 3064
1888 59 59 3470
1889 59 59 1452
1890 59 59 527
1891 59 59 1864
1892 59 59 358
1893 59 59 2361
1894 59 59 2870
1895 59 59 1665
1896 59 59 1579
1897 59 59 525
1898 59 59 326
1899 59 59 2177
1900 59 59 1298
1901 59 59 1140
1902 59 59 772
1903 59 59 1228
1904 59 59 2133
1905 59 59 1791
1906 59 59 277
1907 59 59 3441
1908 59 59 510
1909 59 59 921
1910 59 59 615
1911 59 59 3002
1912 59 59 3321
1913 59 59 3129
1914 59 59 404
1915 59 59 553
1916 59 59 203
1917 59 59 1803
1918 59 59 2557
1919 59 59 2636
1920 59 59 1806
1921 59 59 1814
1922 59 59 1434
1923 59 59 409
1924 59 59 765
1925 59 59 3262
1926 59 59 1014
1927 59 59 1245
1928 59 59 3302
1929 59 59 742
1930 59 59 2429
1931 59 59 2323
1932 59 59 1749
1933 59 59 1102
1934 59 59 335
1935 59 59 2326
1936 59 59 32
1937 59 59 327
1938 59 59 2315
1939 59 59 3136
1940 59 59 559
1941 59 59 1395
1942 59 59 3065
1943 59 59 3371
1944 59 59 1610
1945 59 59 1397
1946 59 59 3400
1947 59 59 3352
1948 59 59 315
1949 59 59 2691
1950 59 59 3404
1951 59 59 2816
1952 59 59 486
1953 59 59 777
1954 59 59 2329
1955 59 59 3466
1956 59 59 2600
1957 59 59 762
1958 59 59 2290
1959 59 59 1845
1960 59 59 3161
1961 59 59 2556
1962 59 59 1105
1963 59 59 506
1964 59 59 198
1965 59 59 2494
1966 59 59 1377
1967 59 59 79
1968 59 59 750
1969 59 59 2218
1970 59 59 1854
1971 59 59 3182
1972 59 59 2193
1973 59 59 3301
1974 59 59 96
1975 59 59 1132
1976 59 59 1550
1977 59 59 1591
1978 59 59 983
1979 59 59 2164
1980 59 59 685
1981 59 59 575
1982 59 59 2278
1983 59 59 2055
1984 59 59 2789
1985 59 59 2202
1986 59 59 2639
1987 59 59 2222
1988 59 59 626
1989 59 59 2671
1990 59 59 67
1991 59 59 2755
1992 59 59 1861
1993 59 59 2626
1994 59 59 535
1995 59 59 112
1996 59 59 120
1997 59 59 2418
1998 59 59 3166
1999 59 59 1322
2000 59 59 1727
2001 59 59 1283
2002 59 59 1994
2003 59 59 2606
2004 59 59 729
2005 59 59 1697
2006 59 59 1350
2007 59 59 1984
2008 59 59 2813
2009 59 59 249
2010 59 59 2320
2011 59 59 3376
2012 59 59 1545
2013 59 59 2721
2014 59 59 630
2015 59 59 2920
2016 59 59 851
2017 59 59 3168
2018 59 59 219
2019 59 59 641
2020 59 59 2827
2021 59 59 720
2022 59 59 612
2023 59 59 1849
2024 59 59 44
2025 59 59 3474
2026 59 59 1996
2027 59 59 3450
2028 59 59 816
2029 59 59 2260
2030 59 59 2948
2031 59 59 3229
2032 59 59 883
2033 59 59 3167
2034 59 59 2491
2035 59 59 330
2036 59 59 1013
2037 59 59 136
2038 59 59 2464
2039 59 59 1899
2040 59 59 199
2041 59 59 1330
2042 59 59 1437
2043 59 59 254
2044 59 59 953
2045 59 59 1500
2046 59 59 1740
2047 59 59 2480
2048 59 59 1880
2049 59 59 2801
2050 59 59 1517
2051 59 59 3178
2052 59 59 14
2053 59 59 3309
2054 59 59 318
2055 59 59 2598
2056 59 59 1384
2057 59 59 1505
2058 59 59 1873
2059 59 59 2309
2060 59 59 480
2061 59 59 3256
2062 59 59 1959
2063 59 59 2376
2064 59 59 3105
2065 59 59 281
2066 59 59 3481
2067 59 59 2933
2068 59 59 2864
2069 59 59 1387
2070 59 59 2350
2071 59 59 2440
2072 59 59 2745
2073 59 59 2370
2074 59 59 1734
2075 59 59 817
2076 59 59 3044
2077 59 59 1260
2078 59 59 1788
2079 59 59 1268
2080 59 59 614
2081 59 59 1005
2082 59 59 919
2083 59 59 48
2084 59 59 2534
2085 59 59 1597
2086 59 59 975
2087 59 59 3050
2088 59 59 3200
2089 59 59 2072
2090 59 59 1504
2091 59 59 998
2092 59 59 1716
2093 59 59 3040
2094 59 59 3476
2095 59 59 2540
2096 59 59 608
2097 59 59 2978
2098 59 59 2060
2099 59 59 2932
2100 59 59 1074
2101 59 59 603
2102 59 59 3213
2103 59 59 2239
2104 59 59 940
2105 59 59 2156
2106 59 59 864
2107 59 59 2644
2108 59 59 2038
2109 59 59 1403
2110 59 59 2276
2111 59 59 2960
2112 59 59 2770
2113 59 59 1587
2114 59 59 2751
2115 59 59 858
2116 59 59 234
2117 59 59 2476
2118 59 59 1203
2119 59 59 1419
2120 59 59 788
2121 59 59 2688
2122 59 59 1221
2123 59 59 1947
2124 59 59 2724
2125 59 59 2169
2126 59 59 28
2127 59 59 2096
2128 59 59 1629
2129 59 59 1146
2130 59 59 3270
2131 59 59 2081
2132 59 59 1764
2133 59 59 947
2134 59 59 2130
2135 59 59 2168
2136 59 59 1443
2137 59 59 3410
2138 59 59 1499
2139 59 59 2265
2140 59 59 1286
2141 59 59 2475
2142 59 59 2342
2143 59 59 1131
2144 59 59 1420
2145 59 59 512
2146 59 59 3007
2147 59 59 2200
2148 59 59 337
2149 59 59 2913
2150 59 59 3128
2151 59 59 1907
2152 59 59 659
2153 59 59 652
2154 59 59 3133
2155 59 59 2561
2156 59 59 849
2157 59 59 418
2158 59 59 402
2159 59 59 308
2160 59 59 1541
2161 59 59 3355
2162 59 59 752
2163 59 59 75
2164 59 59 2413
2165 59 59 1466
2166 59 59 3033
2167 59 59 690
2168 59 59 1564
2169 59 59 300
2170 59 59 1710
2171 59 59 789
2172 59 59 49
2173 59 59 309
2174 59 59 779
2175 59 59 2659
2176 59 59 671
2177 59 59 242
2178 59 59 611
2179 59 59 2993
2180 59 59 1210
2181 59 59 1948
2182 59 59 1623
2183 59 59 2924
2184 59 59 2531
2185 59 59 639
2186 59 59 687
2187 59 59 1341
2188 59 59 3324
2189 59 59 1026
2190 59 59 846
2191 59 59 1711
2192 59 59 2286
2193 59 59 196
2194 59 59 3372
2195 59 59 906
2196 59 59 2986
2197 59 59 1625
2198 59 59 1722
2199 59 59 1761
2200 59 59 3239
2201 59 59 2166
2202 59 59 342
2203 59 59 2526
2204 59 59 642
2205 59 59 2243
2206 59 59 2115
2207 59 59 1816
2208 59 59 2766
2209 59 59 1649
2210 59 59 161
2211 59 59 1091
2212 59 59 707
2213 59 59 1502
2214 59 59 1446
2215 59 59 2603
2216 59 59 3163
2217 59 59 2151
2218 59 59 814
2219 59 59 784
2220 59 59 356
2221 59 59 1116
2222 59 59 1086
2223 59 59 2765
2224 59 59 2021
2225 59 59 588
2226 59 59 989
2227 59 59 1581
2228 59 59 1533
2229 59 59 488
2230 59 59 569
2231 59 59 165
2232 59 59 1692
2233 59 59 801
2234 59 59 3052
2235 59 59 1900
2236 59 59 1148
2237 59 59 1269
2238 59 59 2989
2239 59 59 2871
2240 59 59 933
2241 59 59 1951
2242 59 59 2555
2243 59 59 3125
2244 59 59 110
2245 59 59 1295
2246 59 59 34
2247 59 59 2430
2248 59 59 2882
2249 59 59 2118
2250 59 59 1915
2251 59 59 724
2252 59 59 269
2253 59 59 2981
2254 59 59 2808
2255 59 59 1124
2256 59 59 2398
2257 59 59 489
2258 59 59 229
2259 59 59 3057
2260 59 59 2552
2261 59 59 143
2262 59 59 1879
2263 59 59 3314
2264 59 59 632
2265 59 59 1836
2266 59 59 1857
2267 59 59 1449
2268 59 59 1807
2269 59 59 1858
2270 59 59 2263
2271 59 59 909
2272 59 59 2496
2273 59 59 2238
2274 59 59 2643
2275 59 59 1200
2276 59 59 3058
2277 59 59 1548
2278 59 59 2921
2279 59 59 958
2280 59 59 9
2281 59 59 706
2282 59 59 2719
2283 59 59 2676
2284 59 59 1713
2285 59 59 1252
2286 59 59 176
2287 59 59 2830
2288 59 59 1896
2289 59 59 3075
2290 59 59 2287
2291 59 59 2392
2292 59 59 2469
2293 59 59 3358
2294 59 59 54
2295 59 59 531
2296 59 59 2977
2297 59 59 739
2298 59 59 1696
2299 59 59 2291
2300 59 59 1662
2301 59 59 403
2302 59 59 2347
2303 59 59 172
2304 59 59 717
2305 59 59 2098
2306 59 59 2264
2307 59 59 861
2308 59 59 736
2309 59 59 3328
2310 59 59 2637
2311 59 59 336
2312 59 59 684
2313 59 59 1983
2314 59 59 82
2315 59 59 1312
2316 59 59 2054
2317 59 59 1401
2318 59 59 3426
2319 59 59 216
2320 59 59 1872
2321 59 59 2368
2322 59 59 3177
2323 59 59 2884
2324 59 59 3448
2325 59 59 534
2326 59 59 3185
2327 59 59 3127
2328 59 59 193
2329 59 59 2911
2330 59 59 719
2331 59 59 1008
2332 59 59 1402
2333 59 59 991
2334 59 59 620
2335 59 59 89
2336 59 59 1404
2337 59 59 1027
2338 59 59 3205
2339 59 59 1347
2340 59 59 3252
2341 59 59 1798
2342 59 59 645
2343 59 59 2829
2344 59 59 2795
2345 59 59 2533
2346 59 59 3118
2347 59 59 1785
2348 59 59 2004
2349 59 59 129
2350 59 59 1162
2351 59 59 984
2352 59 59 380
2353 59 59 1777
2354 59 59 1196
2355 59 59 1580
2356 59 59 680
2357 59 59 2011
2358 59 59 1632
2359 59 59 549
2360 59 59 2434
2361 59 59 411
2362 59 59 1390
2363 59 59 699
2364 59 59 751
2365 59 59 1044
2366 59 59 2620
2367 59 59 1150
2368 59 59 2427
2369 59 59 284
2370 59 59 2456
2371 59 59 2631
2372 59 59 3225
2373 59 59 2292
2374 59 59 191
2375 59 59 2231
2376 59 59 2692
2377 59 59 2943
2378 59 59 33
2379 59 59 1507
2380 59 59 1754
2381 59 59 1825
2382 59 59 785
2383 59 59 688
2384 59 59 310
2385 59 59 357
2386 59 59 37
2387 59 59 2798
2388 59 59 2065
2389 59 59 606
2390 59 59 427
2391 59 59 1418
2392 59 59 2706
2393 59 59 322
2394 59 59 2173
2395 59 59 839
2396 59 59 691
2397 59 59 407
2398 59 59 2568
2399 59 59 1237
2400 59 59 2219
2401 59 59 2715
2402 59 59 2455
2403 59 59 3290
2404 59 59 2105
2405 59 59 949
2406 59 59 1840
2407 59 59 1064
2408 59 59 1792
2409 59 59 494
2410 59 59 1894
2411 59 59 3003
2412 59 59 332
2413 59 59 735
2414 59 59 492
2415 59 59 2113
2416 59 59 1034
2417 59 59 1689
2418 59 59 897
2419 59 59 2356
2420 59 59 526
2421 59 59 501
2422 59 59 824
2423 59 59 536
2424 59 59 2101
2425 59 59 52
2426 59 59 1175
2427 59 59 1408
2428 59 59 3110
2429 59 59 1141
2430 59 59 2869
2431 59 59 2207
2432 59 59 2964
2433 59 59 2630
2434 59 59 528
2435 59 59 2129
2436 59 59 3334
2437 59 59 72
2438 59 59 3196
2439 59 59 3242
2440 59 59 1712
2441 59 59 3469
2442 59 59 1535
2443 59 59 3402
2444 59 59 177
2445 59 59 1820
2446 59 59 1928
2447 59 59 299
2448 59 59 558
2449 59 59 2184
2450 59 59 1112
2451 59 59 3150
2452 59 59 255
2453 59 59 3124
2454 59 59 1282
2455 59 59 552
2456 59 59 490
2457 59 59 3085
2458 59 59 930
2459 59 59 2210
2460 59 59 1772
2461 59 59 2000
2462 59 59 2071
2463 59 59 102
2464 59 59 2732
2465 59 59 3430
2466 59 59 1729
2467 59 59 2696
2468 59 59 2900
2469 59 59 154
2470 59 59 957
2471 59 59 1082
2472 59 59 3454
2473 59 59 887
2474 59 59 146
2475 59 59 180
2476 59 59 794
2477 59 59 1024
2478 59 59 1528
2479 59 59 2649
2480 59 59 2421
2481 59 59 1217
2482 59 59 1955
2483 59 59 1090
2484 59 59 10
2485 59 59 3048
2486 59 59 730
2487 59 59 446
2488 59 59 1077
2489 59 59 3329
2490 59 59 1918
2491 59 59 1127
2492 59 59 2225
2493 59 59 1285
2494 59 59 3175
2495 59 59 2862
2496 59 59 1256
2497 59 59 2214
2498 59 59 805
2499 59 59 2843
2500 59 59 613
2501 59 59 2393
2502 59 59 916
2503 59 59 1520
2504 59 59 1288
2505 59 59 425
2506 59 59 221
2507 59 59 132
2508 59 59 520
2509 59 59 891
2510 59 59 2823
2511 59 59 1510
2512 59 59 1107
2513 59 59 8
2514 59 59 62
2515 59 59 1783
2516 59 59 1904
2517 59 59 661
2518 59 59 2865
2519 59 59 1509
2520 59 59 1969
2521 59 59 667
2522 59 59 119
2523 59 59 593
2524 59 59 3236
2525 59 59 3147
2526 59 59 3383
2527 59 59 554
2528 59 59 3232
2529 59 59 1327
2530 59 59 3097
2531 59 59 638
2532 59 59 1490
2533 59 59 3408
2534 59 59 296
2535 59 59 2137
2536 59 59 1540
2537 59 59 900
2538 59 59 1190
2539 59 59 2138
2540 59 59 2327
2541 59 59 901
2542 59 59 1508
2543 59 59 2449
2544 59 59 2673
2545 59 59 1098
2546 59 59 854
2547 59 59 1417
2548 59 59 2740
2549 59 59 2678
2550 59 59 877
2551 59 59 2279
2552 59 59 778
2553 59 59 2967
2554 59 59 3379
2555 59 59 231
2556 59 59 2121
2557 59 59 434
2558 59 59 3250
2559 59 59 1072
2560 59 59 498
2561 59 59 2120
2562 59 59 3037
2563 59 59 1987
2564 59 59 1275
2565 59 59 135
2566 59 59 1359
2567 59 59 2608
2568 59 59 478
2569 59 59 1476
2570 59 59 317
2571 59 59 243
2572 59 59 2686
2573 59 59 2966
2574 59 59 2955
2575 59 59 2831
2576 59 59 55
2577 59 59 1999
2578 59 59 3462
2579 59 59 2178
2580 59 59 714
2581 59 59 1518
2582 59 59 3099
2583 59 59 3240
2584 59 59 926
2585 59 59 2783
2586 59 59 3189
2587 59 59 2299
2588 59 59 98
2589 59 59 63
2590 59 59 2046
2591 59 59 1331
2592 59 59 820
2593 59 59 399
2594 59 59 88
2595 59 59 753
2596 59 59 1360
2597 59 59 1693
2598 59 59 2818
2599 59 59 1166
2600 59 59 1088
2601 59 59 1839
2602 59 59 892
2603 59 59 2059
2604 59 59 2656
2605 59 59 464
2606 59 59 3440
2607 59 59 1049
2608 59 59 1284
2609 59 59 1258
2610 59 59 1193
2611 59 59 2387
2612 59 59 1672
2613 59 59 2181
2614 59 59 873
2615 59 59 2226
2616 59 59 2199
2617 59 59 2936
2618 59 59 3336
2619 59 59 3042
2620 59 59 1161
2621 59 59 551
2622 59 59 481
2623 59 59 1805
2624 59 59 3361
2625 59 59 3088
2626 59 59 1038
2627 59 59 2224
2628 59 59 960
2629 59 59 2820
2630 59 59 1978
2631 59 59 1261
2632 59 59 1319
2633 59 59 2859
2634 59 59 1636
2635 59 59 2406
2636 59 59 1407
2637 59 59 3369
2638 59 59 1070
2639 59 59 3359
2640 59 59 1760
2641 59 59 2616
2642 59 59 2675
2643 59 59 965
2644 59 59 928
2645 59 59 2763
2646 59 59 2739
2647 59 59 2902
2648 59 59 2301
2649 59 59 2330
2650 59 59 3292
2651 59 59 3224
2652 59 59 3138
2653 59 59 912
2654 59 59 1726
2655 59 59 2670
2656 59 59 1704
2657 59 59 2952
2658 59 59 2135
2659 59 59 2860
2660 59 59 956
2661 59 59 2445
2662 59 59 158
2663 59 59 1174
2664 59 59 324
2665 59 59 2772
2666 59 59 2247
2667 59 59 738
2668 59 59 1706
2669 59 59 3179
2670 59 59 517
2671 59 59 170
2672 59 59 2336
2673 59 59 2855
2674 59 59 1993
2675 59 59 1329
2676 59 59 2523
2677 59 59 301
2678 59 59 2285
2679 59 59 2448
2680 59 59 23
2681 59 59 353
2682 59 59 976
2683 59 59 584
2684 59 59 376
2685 59 59 1029
2686 59 59 2733
2687 59 59 1635
2688 59 59 1721
2689 59 59 2082
2690 59 59 544
2691 59 59 2033
2692 59 59 2976
2693 59 59 2681
2694 59 59 2042
2695 59 59 2697
2696 59 59 2566
2697 59 59 2433
2698 59 59 1485
2699 59 59 195
2700 59 59 2880
2701 59 59 3142
2702 59 59 855
2703 59 59 97
2704 59 59 394
2705 59 59 101
2706 59 59 1565
2707 59 59 1910
2708 59 59 1558
2709 59 59 80
2710 59 59 2910
2711 59 59 2826
2712 59 59 647
2713 59 59 2099
2714 59 59 3194
2715 59 59 1779
2716 59 59 271
2717 59 59 2802
2718 59 59 1596
2719 59 59 1264
2720 59 59 2737
2721 59 59 2628
2722 59 59 1232
2723 59 59 2283
2724 59 59 1436
2725 59 59 3263
2726 59 59 118
2727 59 59 848
2728 59 59 226
2729 59 59 1617
2730 59 59 251
2731 59 59 727
2732 59 59 1795
2733 59 59 1356
2734 59 59 2718
2735 59 59 711
2736 59 59 3237
2737 59 59 451
2738 59 59 1089
2739 59 59 1695
2740 59 59 1459
2741 59 59 3116
2742 59 59 1365
2743 59 59 3419
2744 59 59 2373
2745 59 59 1766
2746 59 59 1413
2747 59 59 2174
2748 59 59 321
2749 59 59 1546
2750 59 59 174
2751 59 59 456
2752 59 59 763
2753 59 59 859
2754 59 59 2767
2755 59 59 994
2756 59 59 2141
2757 59 59 896
2758 59 59 2048
2759 59 59 2807
2760 59 59 3215
2761 59 59 3115
2762 59 59 982
2763 59 59 3026
2764 59 59 244
2765 59 59 2241
2766 59 59 1797
2767 59 59 316
2768 59 59 3157
2769 59 59 1921
2770 59 59 780
2771 59 59 2462
2772 59 59 213
2773 59 59 1737
2774 59 59 76
2775 59 59 713
2776 59 59 2629
2777 59 59 1172
2778 59 59 1380
2779 59 59 1981
2780 59 59 374
2781 59 59 2961
2782 59 59 3049
2783 59 59 546
2784 59 59 1926
2785 59 59 278
2786 59 59 1620
2787 59 59 3381
2788 59 59 2378
2789 59 59 755
2790 59 59 2605
2791 59 59 2701
2792 59 59 1941
2793 59 59 1238
2794 59 59 2422
2795 59 59 2812
2796 59 59 1385
2797 59 59 476
2798 59 59 2282
2799 59 59 2779
2800 59 59 2211
2801 59 59 3353
2802 59 59 2154
2803 59 59 15
2804 59 59 1222
2805 59 59 2716
2806 59 59 946
2807 59 59 1305
2808 59 59 2951
2809 59 59 2144
2810 59 59 367
2811 59 59 2891
2812 59 59 3032
2813 59 59 1479
2814 59 59 292
2815 59 59 2068
2816 59 59 1431
2817 59 59 1530
2818 59 59 576
2819 59 59 3456
2820 59 59 2266
2821 59 59 663
2822 59 59 964
2823 59 59 1137
2824 59 59 3022
2825 59 59 1976
2826 59 59 1053
2827 59 59 726
2828 59 59 841
2829 59 59 683
2830 59 59 2939
2831 59 59 3220
2832 59 59 2297
2833 59 59 2458
2834 59 59 766
2835 59 59 2093
2836 59 59 1986
2837 59 59 45
2838 59 59 2372
2839 59 59 2190
2840 59 59 1826
2841 59 59 1435
2842 59 59 285
2843 59 59 2344
2844 59 59 621
2845 59 59 2622
2846 59 59 3039
2847 59 59 695
2848 59 59 1351
2849 59 59 2437
2850 59 59 1251
2851 59 59 163
2852 59 59 1455
2853 59 59 3015
2854 59 59 1230
2855 59 59 3063
2856 59 59 1801
2857 59 59 209
2858 59 59 2270
2859 59 59 2623
2860 59 59 3354
2861 59 59 2428
2862 59 59 1170
2863 59 59 2919
2864 59 59 3190
2865 59 59 2136
2866 59 59 3418
2867 59 59 3083
2868 59 59 3114
2869 59 59 1794
2870 59 59 2450
2871 59 59 1233
2872 59 59 1216
2873 59 59 2035
2874 59 59 2324
2875 59 59 844
2876 59 59 1655
2877 59 59 2687
2878 59 59 1601
2879 59 59 1957
2880 59 59 2838
2881 59 59 2698
2882 59 59 2508
2883 59 59 3226
2884 59 59 1235
2885 59 59 454
2886 59 59 1673
2887 59 59 3043
2888 59 59 1702
2889 59 59 1595
2890 59 59 694
2891 59 59 1394
2892 59 59 1411
2893 59 59 1040
2894 59 59 3202
2895 59 59 223
2896 59 59 257
2897 59 59 401
2898 59 59 1299
2899 59 59 1450
2900 59 59 1465
2901 59 59 1990
2902 59 59 2457
2903 59 59 3438
2904 59 59 2647
2905 59 59 1214
2906 59 59 905
2907 59 59 3076
2908 59 59 259
2909 59 59 3389
2910 59 59 3411
2911 59 59 1975
2912 59 59 2117
2913 59 59 2280
2914 59 59 815
2915 59 59 2365
2916 59 59 1566
2917 59 59 1263
2918 59 59 3446
2919 59 59 3345
2920 59 59 3261
2921 59 59 890
2922 59 59 1833
2923 59 59 2909
2924 59 59 985
2925 59 59 3036
2926 59 59 1083
2927 59 59 2295
2928 59 59 1423
2929 59 59 2809
2930 59 59 1523
2931 59 59 386
2932 59 59 1379
2933 59 59 1253
2934 59 59 972
2935 59 59 1881
2936 59 59 3269
2937 59 59 524
2938 59 59 3092
2939 59 59 2353
2940 59 59 1902
2941 59 59 705
2942 59 59 1614
2943 59 59 2712
2944 59 59 1627
2945 59 59 1512
2946 59 59 1421
2947 59 59 2728
2948 59 59 2925
2949 59 59 2503
2950 59 59 95
2951 59 59 1670
2952 59 59 2950
2953 59 59 1057
2954 59 59 733
2955 59 59 1534
2956 59 59 1877
2957 59 59 1843
2958 59 59 2562
2959 59 59 204
2960 59 59 1661
2961 59 59 3291
2962 59 59 1800
2963 59 59 2565
2964 59 59 835
2965 59 59 810
2966 59 59 2896
2967 59 59 924
2968 59 59 1145
2969 59 59 2477
2970 59 59 1348
2971 59 59 2253
2972 59 59 2158
2973 59 59 2547
2974 59 59 1482
2975 59 59 3268
2976 59 59 2150
2977 59 59 1484
2978 59 59 2771
2979 59 59 2134
2980 59 59 782
2981 59 59 2537
2982 59 59 1940
2983 59 59 1920
2984 59 59 3243
2985 59 59 1893
2986 59 59 2931
2987 59 59 1336
2988 59 59 2650
2989 59 59 237
2990 59 59 1700
2991 59 59 1945
2992 59 59 3014
2993 59 59 279
2994 59 59 2145
2995 59 59 3
2996 59 59 2084
2997 59 59 1577
2998 59 59 3289
2999 59 59 3313
3000 59 59 3478
3001 59 59 3158
3002 59 59 3195
3003 59 59 1297
3004 59 59 1374
3005 59 59 3455
3006 59 59 574
3007 59 59 2410
3008 59 59 1475
3009 59 59 233
3010 59 59 1183
3011 59 59 1069
3012 59 59 1735
3013 59 59 812
3014 59 59 250
3015 59 59 2800
3016 59 59 2937
3017 59 59 1709
3018 59 59 895
3019 59 59 365
3020 59 59 2708
3021 59 59 99
3022 59 59 560
3023 59 59 2538
3024 59 59 980
3025 59 59 3117
3026 59 59 468
3027 59 59 495
3028 59 59 1036
3029 59 59 2877
3030 59 59 2094
3031 59 59 2223
3032 59 59 1570
3033 59 59 627
3034 59 59 202
3035 59 59 2104
3036 59 59 2544
3037 59 59 3148
3038 59 59 449
3039 59 59 2197
3040 59 59 1277
3041 59 59 1491
3042 59 59 1708
3043 59 59 2358
3044 59 59 3340
3045 59 59 1047
3046 59 59 3090
3047 59 59 117
3048 59 59 577
3049 59 59 3318
3050 59 59 651
3051 59 59 2997
3052 59 59 1923
3053 59 59 1573
3054 59 59 349
3055 59 59 1291
3056 59 59 888
3057 59 59 931
3058 59 59 59
3059 59 59 3300
3060 59 59 1415
3061 59 59 1874
3062 59 59 168
3063 59 59 2980
3064 59 59 3279
3065 59 59 2906
3066 59 59 764
3067 59 59 1719
3068 59 59 2057
3069 59 59 2077
3070 59 59 1717
3071 59 59 2125
3072 59 59 1120
3073 59 59 1257
3074 59 59 2954
3075 59 59 2918
3076 59 59 1538
3077 59 59 1062
3078 59 59 42
3079 59 59 911
3080 59 59 2758
3081 59 59 797
3082 59 59 1998
3083 59 59 597
3084 59 59 1315
3085 59 59 792
3086 59 59 1324
3087 59 59 712
3088 59 59 3197
3089 59 59 1757
3090 59 59 108
3091 59 59 472
3092 59 59 648
3093 59 59 1799
3094 59 59 580
3095 59 59 2879
3096 59 59 709
3097 59 59 3120
3098 59 59 856
3099 59 59 1344
3100 59 59 2815
3101 59 59 162
3102 59 59 2441
3103 59 59 2991
3104 59 59 3164
3105 59 59 375
3106 59 59 2595
3107 59 59 1774
3108 59 59 2702
3109 59 59 769
3110 59 59 312
3111 59 59 2132
3112 59 59 1425
3113 59 59 206
3114 59 59 2852
3115 59 59 3201
3116 59 59 2487
3117 59 59 3305
3118 59 59 2045
3119 59 59 2619
3120 59 59 103
3121 59 59 1066
3122 59 59 1157
3123 59 59 1551
3124 59 59 1
3125 59 59 215
3126 59 59 1860
3127 59 59 2381
3128 59 59 1188
3129 59 59 3169
3130 59 59 1982
3131 59 59 2328
3132 59 59 1262
3133 59 59 1634
3134 59 59 1809
3135 59 59 3111
3136 59 59 245
3137 59 59 1489
3138 59 59 555
3139 59 59 2335
3140 59 59 1287
3141 59 59 2683
3142 59 59 2261
3143 59 59 2515
3144 59 59 1645
3145 59 59 26
3146 59 59 2390
3147 59 59 2970
3148 59 59 876
3149 59 59 1950
3150 59 59 479
3151 59 59 572
3152 59 59 3377
3153 59 59 2792
3154 59 59 1154
3155 59 59 899
3156 59 59 2019
3157 59 59 1266
3158 59 59 601
3159 59 59 3342
3160 59 59 3028
3161 59 59 1967
3162 59 59 920
3163 59 59 2788
3164 59 59 843
3165 59 59 2463
3166 59 59 3378
3167 59 59 2269
3168 59 59 967
3169 59 59 2107
3170 59 59 2927
3171 59 59 1626
3172 59 59 2632
3173 59 59 3144
3174 59 59 666
3175 59 59 3023
3176 59 59 654
3177 59 59 1035
3178 59 59 1683
3179 59 59 17
3180 59 59 220
3181 59 59 1992
3182 59 59 1701
3183 59 59 1887
3184 59 59 2127
3185 59 59 3234
3186 59 59 653
3187 59 59 1018
3188 59 59 2723
3189 59 59 1470
3190 59 59 1004
3191 59 59 2889
3192 59 59 1428
3193 59 59 64
3194 59 59 1817
3195 59 59 2892
3196 59 59 692
3197 59 59 2672
3198 59 59 1243
3199 59 59 2108
3200 59 59 2738
3201 59 59 1922
3202 59 59 1310
3203 59 59 737
3204 59 59 273
3205 59 59 1865
3206 59 59 3146
3207 59 59 2500
3208 59 59 2294
3209 59 59 2338
3210 59 59 2635
3211 59 59 205
3212 59 59 3433
3213 59 59 592
3214 59 59 2490
3215 59 59 757
3216 59 59 3209
3217 59 59 557
3218 59 59 211
3219 59 59 368
3220 59 59 1168
3221 59 59 2615
3222 59 59 1371
3223 59 59 290
3224 59 59 3013
3225 59 59 1058
3226 59 59 591
3227 59 59 3244
3228 59 59 1574
3229 59 59 2527
3230 59 59 2935
3231 59 59 3299
3232 59 59 2949
3233 59 59 3059
3234 59 59 51
3235 59 59 164
3236 59 59 1532
3237 59 59 3375
3238 59 59 1888
3239 59 59 878
3240 59 59 773
3241 59 59 2985
3242 59 59 566
3243 59 59 1878
3244 59 59 2621
3245 59 59 1824
3246 59 59 3414
3247 59 59 2953
3248 59 59 2824
3249 59 59 2249
3250 59 59 1334
3251 59 59 1939
3252 59 59 313
3253 59 59 2044
3254 59 59 1358
3255 59 59 2861
3256 59 59 3217
3257 59 59 3248
3258 59 59 3259
3259 59 59 2080
3260 59 59 1698
3261 59 59 1400
3262 59 59 3183
3263 59 59 1267
3264 59 59 637
3265 59 59 2570
3266 59 59 1867
3267 59 59 1332
3268 59 59 426
3269 59 59 1458
3270 59 59 1607
3271 59 59 2316
3272 59 59 47
3273 59 59 568
3274 59 59 1300
3275 59 59 2102
3276 59 59 3274
3277 59 59 1104
3278 59 59 1115
3279 59 59 3258
3280 59 59 3170
3281 59 59 3056
3282 59 59 294
3283 59 59 2196
3284 59 59 781
3285 59 59 3176
3286 59 59 1335
3287 59 59 3357
3288 59 59 1398
3289 59 59 452
3290 59 59 1391
3291 59 59 2959
3292 59 59 1087
3293 59 59 2580
3294 59 59 359
3295 59 59 121
3296 59 59 3431
3297 59 59 894
3298 59 59 2015
3299 59 59 2746
3300 59 59 2612
3301 59 59 1179
3302 59 59 3230
3303 59 59 297
3304 59 59 1667
3305 59 59 2536
3306 59 59 3356
3307 59 59 3366
3308 59 59 1345
3309 59 59 2618
3310 59 59 3016
3311 59 59 1159
3312 59 59 2051
3313 59 59 1128
3314 59 59 2250
3315 59 59 410
3316 59 59 355
3317 59 59 1461
3318 59 59 602
3319 59 59 970
3320 59 59 4
3321 59 59 2685
3322 59 59 563
3323 59 59 3459
3324 59 59 2388
3325 59 59 3159
3326 59 59 2341
3327 59 59 2311
3328 59 59 2171
3329 59 59 561
3330 59 59 1859
3331 59 59 230
3332 59 59 796
3333 59 59 1827
3334 59 59 189
3335 59 59 400
3336 59 59 798
3337 59 59 1628
3338 59 59 3264
3339 59 59 3415
3340 59 59 2366
3341 59 59 1678
3342 59 59 1304
3343 59 59 656
3344 59 59 2901
3345 59 59 3154
3346 59 59 1775
3347 59 59 2074
3348 59 59 579
3349 59 59 105
3350 59 59 1122
3351 59 59 1109
3352 59 59 1296
3353 59 59 2109
3354 59 59 1855
3355 59 59 2934
3356 59 59 2972
3357 59 59 436
3358 59 59 1355
3359 59 59 1971
3360 59 59 1337
3361 59 59 1812
3362 59 59 1164
3363 59 59 69
3364 59 59 1822
3365 59 59 1763
3366 59 59 1503
3367 59 59 2736
3368 59 59 1524
3369 59 59 448
3370 59 59 1898
3371 59 59 1239
3372 59 59 1496
3373 59 59 1659
3374 59 59 3228
3375 59 59 3401
3376 59 59 2546
3377 59 59 2391
3378 59 59 1092
3379 59 59 3140
3380 59 59 466
3381 59 59 3021
3382 59 59 280
3383 59 59 3034
3384 59 59 1223
3385 59 59 1946
3386 59 59 1111
3387 59 59 2087
3388 59 59 465
3389 59 59 1016
3390 59 59 1037
3391 59 59 2465
3392 59 59 3349
3393 59 59 2379
3394 59 59 831
3395 59 59 2773
3396 59 59 1677
3397 59 59 1720
3398 59 59 1373
3399 59 59 3434
3400 59 59 533
3401 59 59 1965
3402 59 59 1376
3403 59 59 1964
3404 59 59 1723
3405 59 59 3424
3406 59 59 2022
3407 59 59 870
3408 59 59 1080
3409 59 59 81
3410 59 59 2658
3411 59 59 1618
3412 59 59 2512
3413 59 59 1515
3414 59 59 2968
3415 59 59 1030
3416 59 59 532
3417 59 59 1236
3418 59 59 3245
3419 59 59 1392
3420 59 59 840
3421 59 59 341
3422 59 59 1640
3423 59 59 744
3424 59 59 148
3425 59 59 3207
3426 59 59 1468
3427 59 59 2975
3428 59 59 1613
3429 59 59 872
3430 59 59 421
3431 59 59 2277
3432 59 59 616
3433 59 59 2588
3434 59 59 2050
3435 59 59 2008
3436 59 59 1576
3437 59 59 893
3438 59 59 1903
3439 59 59 3121
3440 59 59 2835
3441 59 59 1346
3442 59 59 1103
3443 59 59 1651
3444 59 59 2699
3445 59 59 2742
3446 59 59 1043
3447 59 59 2023
3448 59 59 2078
3449 59 59 668
3450 59 59 377
3451 59 59 2217
3452 59 59 3416
3453 59 59 3341
3454 59 59 3275
3455 59 59 3047
3456 59 59 3011
3457 59 59 350
3458 59 59 2284
3459 59 59 1323
3460 59 59 2296
3461 59 59 2201
3462 59 59 2206
3463 59 59 1664
3464 59 59 2542
3465 59 59 20
3466 59 59 1828
3467 59 59 950
3468 59 59 2750
3469 59 59 1521
3470 59 59 3030
3471 59 59 1212
3472 59 59 155
3473 59 59 819
3474 59 59 2749
3475 59 59 1181
3476 59 59 1871
3477 59 59 2204
3478 59 59 832
3479 59 59 2764
3480 59 59 2013
3481 59 59 1882