1 59 59 1089
2 59 59 3249
3 59 59 3789
4 59 59 2446
5 59 59 1184
6 59 59 151
7 59 59 1825
8 59 59 1030
9 59 59 1091
10 59 59 3115
11 59 59 3488
12 59 59 261
13 59 59 2564
14 59 59 2656
15 59 59 483
16 59 59 3605
17 59 59 2398
18 59 59 1868
19 59 59 2344
20 59 59 3288
21 59 59 777
22 59 59 2153
23 59 59 3613
24 59 59 480
25 59 59 1709
26 59 59 1644
27 59 59 947
28 59 59 826
29 59 59 3449
30 59 59 3538
31 59 59 3556
32 59 59 452
33 59 59 862
34 59 59 1780
35 59 59 3832
36 59 59 3777
37 59 59 1265
38 59 59 3648
39 59 59 2687
40 59 59 3125
41 59 59 2407
42 59 59 1605
43 59 59 692
44 59 59 2811
45 59 59 2085
46 59 59 1122
47 59 59 2578
48 59 59 1629
49 59 59 940
50 59 59 1572
51 59 59 2895
52 59 59 3261
53 59 59 533
54 59 59 405
55 59 59 2618
56 59 59 1398
57 59 59 375
58 59 59 3161
59 59 59 535
60 59 59 2219
61 59 59 3076
62 59 59 2389
63 59 59 548
64 59 59 218
65 59 59 1436
66 59 59 2022
67 59 59 1958
68 59 59 1824
69 59 59 269
70 59 59 635
71 59 59 3762
72 59 59 2339
73 59 59 1423
74 59 59 2606
75 59 59 447
76 59 59 2268
77 59 59 2638
78 59 59 858
79 59 59 2889
80 59 59 1119
81 59 59 2195
82 59 59 960
83 59 59 1074
84 59 59 65
85 59 59 3356
86 59 59 3695
87 59 59 3496
88 59 59 2372
89 59 59 2787
90 59 59 2622
91 59 59 2328
92 59 59 1682
93 59 59 515
94 59 59 2840
95 59 59 2550
96 59 59 2408
97 59 59 3059
98 59 59 1658
99 59 59 3819
100 59 59 1770
101 59 59 2291
102 59 59 208
103 59 59 3584
104 59 59 2174
105 59 59 820
106 59 59 1025
107 59 59 3677
108 59 59 754
109 59 59 3265
110 59 59 1778
111 59 59 1964
112 59 59 3078
113 59 59 52
114 59 59 1557
115 59 59 64
116 59 59 3169
117 59 59 3200
118 59 59 2742
119 59 59 916
120 59 59 1593
121 59 59 2884
122 59 59 1759
123 59 59 2832
124 59 59 3105
125 59 59 611
126 59 59 930
127 59 59 1697
128 59 59 2477
129 59 59 3835
130 59 59 2966
131 59 59 60
132 59 59 1127
133 59 59 2680
134 59 59 1942
135 59 59 401
136 59 59 2418
137 59 59 3310
138 59 59 3382
139 59 59 3626
140 59 59 2263
141 59 59 3479
142 59 59 2071
143 59 59 1076
144 59 59 1919
145 59 59 2384
146 59 59 2971
147 59 59 1190
148 59 59 99
149 59 59 564
150 59 59 3458
151 59 59 294
152 59 59 985
153 59 59 3107
154 59 59 3258
155 59 59 3667
156 59 59 3330
157 59 59 2640
158 59 59 2472
159 59 59 1199
160 59 59 2099
161 59 59 2515
162 59 59 1701
163 59 59 1748
164 59 59 2946
165 59 59 1262
166 59 59 1804
167 59 59 3438
168 59 59 648
169 59 59 2131
170 59 59 528
171 59 59 2865
172 59 59 1842
173 59 59 1266
174 59 59 1067
175 59 59 3257
176 59 59 2335
177 59 59 926
178 59 59 1506
179 59 59 2977
180 59 59 244
181 59 59 1174
182 59 59 3285
183 59 59 3259
184 59 59 3739
185 59 59 1856
186 59 59 1613
187 59 59 1192
188 59 59 2486
189 59 59 3221
190 59 59 293
191 59 59 3775
192 59 59 2183
193 59 59 772
194 59 59 567
195 59 59 2019
196 59 59 103
197 59 59 1162
198 59 59 2648
199 59 59 1591
200 59 59 2516
201 59 59 810
202 59 59 2619
203 59 59 799
204 59 59 609
205 59 59 72
206 59 59 2274
207 59 59 1449
208 59 59 2958
209 59 59 694
210 59 59 2014
211 59 59 1534
212 59 59 3366
213 59 59 1528
214 59 59 1253
215 59 59 1172
216 59 59 943
217 59 59 2198
218 59 59 2299
219 59 59 1631
220 59 59 1202
221 59 59 2222
222 59 59 1258
223 59 59 1142
224 59 59 2266
225 59 59 3464
226 59 59 135
227 59 59 149
228 59 59 3233
229 59 59 788
230 59 59 3503
231 59 59 854
232 59 59 644
233 59 59 1880
234 59 59 3260
235 59 59 3181
236 59 59 2215
237 59 59 849
238 59 59 1773
239 59 59 1499
240 59 59 1999
241 59 59 2699
242 59 59 3453
243 59 59 2575
244 59 59 2802
245 59 59 1139
246 59 59 1540
247 59 59 3092
248 59 59 1878
249 59 59 2441
250 59 59 2496
251 59 59 3312
252 59 59 450
253 59 59 1665
254 59 59 904
255 59 59 1033
256 59 59 2498
257 59 59 3794
258 59 59 1070
259 59 59 2271
260 59 59 3242
261 59 59 1826
262 59 59 2601
263 59 59 1507
264 59 59 910
265 59 59 782
266 59 59 1059
267 59 59 2812
268 59 59 658
269 59 59 2265
270 59 59 1998
271 59 59 3320
272 59 59 129
273 59 59 1445
274 59 59 1097
275 59 59 1346
276 59 59 2979
277 59 59 3089
278 59 59 2370
279 59 59 1547
280 59 59 3631
281 59 59 2101
282 59 59 247
283 59 59 3379
284 59 59 2513
285 59 59 48
286 59 59 3412
287 59 59 973
288 59 59 957
289 59 59 1298
290 59 59 3601
291 59 59 3692
292 59 59 44
293 59 59 1740
294 59 59 2675
295 59 59 1573
296 59 59 3474
297 59 59 2943
298 59 59 1102
299 59 59 1799
300 59 59 2054
301 59 59 3155
302 59 59 2130
303 59 59 1814
304 59 59 1925
305 59 59 145
306 59 59 3530
307 59 59 105
308 59 59 2401
309 59 59 3219
310 59 59 753
311 59 59 3031
312 59 59 2610
313 59 59 771
314 59 59 3483
315 59 59 108
316 59 59 3070
317 59 59 2910
318 59 59 2711
319 59 59 706
320 59 59 3537
321 59 59 3414
322 59 59 3402
323 59 59 2961
324 59 59 3507
325 59 59 143
326 59 59 844
327 59 59 144
328 59 59 1161
329 59 59 2390
330 59 59 2542
331 59 59 1514
332 59 59 1960
333 59 59 2514
334 59 59 2301
335 59 59 2125
336 59 59 1185
337 59 59 1750
338 59 59 1294
339 59 59 337
340 59 59 1345
341 59 59 408
342 59 59 1252
343 59 59 1393
344 59 59 2736
345 59 59 314
346 59 59 1437
347 59 59 630
348 59 59 871
349 59 59 3287
350 59 59 315
351 59 59 3675
352 59 59 1776
353 59 59 3542
354 59 59 2029
355 59 59 2348
356 59 59 715
357 59 59 525
358 59 59 1377
359 59 59 3712
360 59 59 1671
361 59 59 325
362 59 59 1951
363 59 59 811
364 59 59 3403
365 59 59 1249
366 59 59 2499
367 59 59 643
368 59 59 257
369 59 59 1027
370 59 59 1422
371 59 59 1427
372 59 59 2992
373 59 59 699
374 59 59 2199
375 59 59 272
376 59 59 1157
377 59 59 3656
378 59 59 1766
379 59 59 5
380 59 59 3759
381 59 59 857
382 59 59 1978
383 59 59 3134
384 59 59 2204
385 59 59 3266
386 59 59 2999
387 59 59 1188
388 59 59 2647
389 59 59 182
390 59 59 3020
391 59 59 2693
392 59 59 2621
393 59 59 934
394 59 59 2957
395 59 59 1315
396 59 59 191
397 59 59 50
398 59 59 3222
399 59 59 1943
400 59 59 1426
401 59 59 292
402 59 59 1094
403 59 59 3209
404 59 59 2008
405 59 59 1029
406 59 59 98
407 59 59 2395
408 59 59 2706
409 59 59 96
410 59 59 179
411 59 59 3679
412 59 59 3457
413 59 59 1291
414 59 59 3126
415 59 59 2665
416 59 59 2549
417 59 59 2497
418 59 59 3640
419 59 59 2579
420 59 59 2385
421 59 59 496
422 59 59 3432
423 59 59 2124
424 59 59 8
425 59 59 2679
426 59 59 1395
427 59 59 3621
428 59 59 2853
429 59 59 1899
430 59 59 971
431 59 59 2375
432 59 59 211
433 59 59 2963
434 59 59 1988
435 59 59 2710
436 59 59 2536
437 59 59 1564
438 59 59 3765
439 59 59 123
440 59 59 702
441 59 59 1669
442 59 59 2657
443 59 59 1461
444 59 59 1757
445 59 59 896
446 59 59 263
447 59 59 2641
448 59 59 2208
449 59 59 305
450 59 59 2176
451 59 59 1921
452 59 59 1177
453 59 59 3140
454 59 59 3306
455 59 59 1313
456 59 59 2626
457 59 59 1322
458 59 59 458
459 59 59 154
460 59 59 3590
461 59 59 2415
462 59 59 1051
463 59 59 1215
464 59 59 397
465 59 59 776
466 59 59 115
467 59 59 1615
468 59 59 3463
469 59 59 2882
470 59 59 2911
471 59 59 2041
472 59 59 2993
473 59 59 2021
474 59 59 919
475 59 59 1562
476 59 59 1494
477 59 59 1123
478 59 59 92
479 59 59 3441
480 59 59 3251
481 59 59 3576
482 59 59 3727
483 59 59 803
484 59 59 3730
485 59 59 1539
486 59 59 2151
487 59 59 1288
488 59 59 3666
489 59 59 637
490 59 59 3527
491 59 59 16
492 59 59 3114
493 59 59 3454
494 59 59 3191
495 59 59 818
496 59 59 2138
497 59 59 2305
498 59 59 935
499 59 59 2468
500 59 59 2038
501 59 59 1533
502 59 59 510
503 59 59 2714
504 59 59 2733
505 59 59 1828
506 59 59 1118
507 59 59 3344
508 59 59 2056
509 59 59 2874
510 59 59 2548
511 59 59 3760
512 59 59 2781
513 59 59 965
514 59 59 110
515 59 59 216
516 59 59 2252
517 59 59 6
518 59 59 2879
519 59 59 1781
520 59 59 29
521 59 59 473
522 59 59 508
523 59 59 200
524 59 59 2264
525 59 59 3532
526 59 59 2804
527 59 59 2511
528 59 59 47
529 59 59 2106
530 59 59 1465
531 59 59 3801
532 59 59 279
533 59 59 665
534 59 59 932
535 59 59 1813
536 59 59 1902
537 59 59 455
538 59 59 417
539 59 59 3392
540 59 59 2734
541 59 59 3427
542 59 59 1710
543 59 59 1937
544 59 59 1720
545 59 59 1144
546 59 59 3391
547 59 59 979
548 59 59 128
549 59 59 845
550 59 59 1859
551 59 59 549
552 59 59 2490
553 59 59 3235
554 59 59 2857
555 59 59 367
556 59 59 1164
557 59 59 440
558 59 59 3253
559 59 59 320
560 59 59 3189
561 59 59 2241
562 59 59 1370
563 59 59 1735
564 59 59 2302
565 59 59 1464
566 59 59 1807
567 59 59 3650
568 59 59 2763
569 59 59 524
570 59 59 3480
571 59 59 437
572 59 59 1980
573 59 59 3459
574 59 59 734
575 59 59 2037
576 59 59 3316
577 59 59 3353
578 59 59 289
579 59 59 1672
580 59 59 3322
581 59 59 2776
582 59 59 2935
583 59 59 94
584 59 59 3836
585 59 59 2076
586 59 59 2006
587 59 59 612
588 59 59 3528
589 59 59 1580
590 59 59 988
591 59 59 1535
592 59 59 899
593 59 59 1650
594 59 59 557
595 59 59 1722
596 59 59 1376
597 59 59 31
598 59 59 89
599 59 59 2821
600 59 59 1260
601 59 59 2731
602 59 59 1638
603 59 59 1853
604 59 59 3201
605 59 59 394
606 59 59 2928
607 59 59 3573
608 59 59 1124
609 59 59 1933
610 59 59 1306
611 59 59 1832
612 59 59 566
613 59 59 3273
614 59 59 2062
615 59 59 2193
616 59 59 466
617 59 59 2254
618 59 59 516
619 59 59 3276
620 59 59 3614
621 59 59 3604
622 59 59 889
623 59 59 2304
624 59 59 2064
625 59 59 3038
626 59 59 1475
627 59 59 19
628 59 59 963
629 59 59 2170
630 59 59 814
631 59 59 462
632 59 59 1375
633 59 59 1936
634 59 59 2108
635 59 59 769
636 59 59 286
637 59 59 229
638 59 59 915
639 59 59 1702
640 59 59 3199
641 59 59 2526
642 59 59 2172
643 59 59 2784
644 59 59 3473
645 59 59 1408
646 59 59 949
647 59 59 903
648 59 59 952
649 59 59 781
650 59 59 3021
651 59 59 3820
652 59 59 2885
653 59 59 3771
654 59 59 1795
655 59 59 3841
656 59 59 1
657 59 59 3747
658 59 59 2772
659 59 59 563
660 59 59 3571
661 59 59 1993
662 59 59 1468
663 59 59 561
664 59 59 1212
665 59 59 2107
666 59 59 537
667 59 59 2331
668 59 59 3129
669 59 59 308
670 59 59 2972
671 59 59 3005
672 59 59 2949
673 59 59 3796
674 59 59 2671
675 59 59 476
676 59 59 3732
677 59 59 3168
678 59 59 652
679 59 59 3377
680 59 59 3423
681 59 59 3550
682 59 59 1854
683 59 59 342
684 59 59 329
685 59 59 7
686 59 59 1171
687 59 59 1132
688 59 59 1495
689 59 59 3365
690 59 59 1005
691 59 59 3721
692 59 59 3139
693 59 59 3014
694 59 59 1044
695 59 59 1582
696 59 59 2551
697 59 59 1568
698 59 59 3042
699 59 59 3552
700 59 59 1380
701 59 59 1560
702 59 59 221
703 59 59 1243
704 59 59 1355
705 59 59 3120
706 59 59 1083
707 59 59 1889
708 59 59 3627
709 59 59 907
710 59 59 3752
711 59 59 853
712 59 59 2684
713 59 59 169
714 59 59 3147
715 59 59 2061
716 59 59 290
717 59 59 2220
718 59 59 1800
719 59 59 3326
720 59 59 3475
721 59 59 1657
722 59 59 3774
723 59 59 925
724 59 59 2157
725 59 59 2224
726 59 59 3071
727 59 59 3024
728 59 59 3118
729 59 59 1837
730 59 59 995
731 59 59 521
732 59 59 2767
733 59 59 1314
734 59 59 2573
735 59 59 3680
736 59 59 2069
737 59 59 1940
738 59 59 980
739 59 59 2594
740 59 59 101
741 59 59 3052
742 59 59 2661
743 59 59 1339
744 59 59 2066
745 59 59 999
746 59 59 2602
747 59 59 1421
748 59 59 243
749 59 59 1600
750 59 59 1405
751 59 59 2281
752 59 59 3633
753 59 59 2747
754 59 59 1062
755 59 59 3456
756 59 59 1966
757 59 59 2777
758 59 59 2318
759 59 59 1042
760 59 59 3030
761 59 59 2850
762 59 59 2645
763 59 59 3510
764 59 59 840
765 59 59 2663
766 59 59 828
767 59 59 1178
768 59 59 235
769 59 59 2046
770 59 59 4
771 59 59 1510
772 59 59 3324
773 59 59 3702
774 59 59 3331
775 59 59 1158
776 59 59 3156
777 59 59 944
778 59 59 824
779 59 59 1400
780 59 59 267
781 59 59 883
782 59 59 1428
783 59 59 2142
784 59 59 196
785 59 59 1404
786 59 59 1771
787 59 59 1967
788 59 59 2577
789 59 59 3339
790 59 59 3630
791 59 59 3818
792 59 59 192
793 59 59 1331
794 59 59 1264
795 59 59 411
796 59 59 1677
797 59 59 3354
798 59 59 3642
799 59 59 2918
800 59 59 1798
801 59 59 1448
802 59 59 2915
803 59 59 280
804 59 59 3506
805 59 59 1327
806 59 59 2598
807 59 59 2571
808 59 59 501
809 59 59 2371
810 59 59 3122
811 59 59 2419
812 59 59 185
813 59 59 2357
814 59 59 3207
815 59 59 49
816 59 59 3079
817 59 59 2200
818 59 59 1553
819 59 59 1715
820 59 59 2698
821 59 59 2849
822 59 59 674
823 59 59 1418
824 59 59 1861
825 59 59 1441
826 59 59 1948
827 59 59 1794
828 59 59 362
829 59 59 789
830 59 59 540
831 59 59 547
832 59 59 2741
833 59 59 1538
834 59 59 39
835 59 59 2063
836 59 59 884
837 59 59 166
838 59 59 3554
839 59 59 463
840 59 59 3802
841 59 59 3041
842 59 59 2471
843 59 59 937
844 59 59 2986
845 59 59 843
846 59 59 3508
847 59 59 2576
848 59 59 1985
849 59 59 284
850 59 59 3443
851 59 59 3705
852 59 59 3731
853 59 59 733
854 59 59 3267
855 59 59 2437
856 59 59 1654
857 59 59 189
858 59 59 2664
859 59 59 2624
860 59 59 3053
861 59 59 1994
862 59 59 3737
863 59 59 3433
864 59 59 2924
865 59 59 2912
866 59 59 1935
867 59 59 2402
868 59 59 1101
869 59 59 837
870 59 59 323
871 59 59 2258
872 59 59 1035
873 59 59 2303
874 59 59 345
875 59 59 953
876 59 59 1847
877 59 59 1317
878 59 59 1391
879 59 59 1152
880 59 59 956
881 59 59 1267
882 59 59 2294
883 59 59 13
884 59 59 1336
885 59 59 3022
886 59 59 839
887 59 59 1717
888 59 59 2044
889 59 59 2634
890 59 59 1087
891 59 59 1153
892 59 59 1869
893 59 59 1347
894 59 59 1652
895 59 59 59
896 59 59 2442
897 59 59 2133
898 59 59 2338
899 59 59 422
900 59 59 1622
901 59 59 3085
902 59 59 3800
903 59 59 73
904 59 59 2707
905 59 59 3289
906 59 59 948
907 59 59 3389
908 59 59 1250
909 59 59 689
910 59 59 990
911 59 59 3393
912 59 59 3172
913 59 59 1105
914 59 59 2192
915 59 59 365
916 59 59 2553
917 59 59 2696
918 59 59 285
919 59 59 3208
920 59 59 137
921 59 59 3781
922 59 59 3689
923 59 59 2762
924 59 59 2603
925 59 59 2688
926 59 59 1169
927 59 59 1558
928 59 59 259
929 59 59 3491
930 59 59 1703
931 59 59 1283
932 59 59 3583
933 59 59 2297
934 59 59 2559
935 59 59 3797
936 59 59 641
937 59 59 863
938 59 59 2481
939 59 59 379
940 59 59 2169
941 59 59 2092
942 59 59 3518
943 59 59 1242
944 59 59 763
945 59 59 2631
946 59 59 3639
947 59 59 1524
948 59 59 377
949 59 59 2893
950 59 59 2073
951 59 59 1681
952 59 59 1238
953 59 59 3790
954 59 59 2353
955 59 59 3067
956 59 59 3498
957 59 59 3272
958 59 59 2017
959 59 59 3654
960 59 59 1774
961 59 59 368
962 59 59 2897
963 59 59 3212
964 59 59 2346
965 59 59 1303
966 59 59 494
967 59 59 1645
968 59 59 3555
969 59 59 2901
970 59 59 3526
971 59 59 3084
972 59 59 1760
973 59 59 3568
974 59 59 3745
975 59 59 2898
976 59 59 3400
977 59 59 1007
978 59 59 2839
979 59 59 3318
980 59 59 1926
981 59 59 714
982 59 59 2650
983 59 59 2135
984 59 59 148
985 59 59 304
986 59 59 3713
987 59 59 2620
988 59 59 248
989 59 59 3597
990 59 59 492
991 59 59 1413
992 59 59 2557
993 59 59 1684
994 59 59 2386
995 59 59 836
996 59 59 2980
997 59 59 2646
998 59 59 193
999 59 59 505
1000 59 59 3369
1001 59 59 3183
1002 59 59 2506
1003 59 59 3700
1004 59 59 1698
1005 59 59 3338
1006 59 59 881
1007 59 59 2086
1008 59 59 1403
1009 59 59 1271
1010 59 59 3149
1011 59 59 2240
1012 59 59 33
1013 59 59 2376
1014 59 59 3569
1015 59 59 1292
1016 59 59 2922
1017 59 59 1155
1018 59 59 3015
1019 59 59 3407
1020 59 59 467
1021 59 59 1088
1022 59 59 2560
1023 59 59 1026
1024 59 59 2970
1025 59 59 3252
1026 59 59 3421
1027 59 59 1270
1028 59 59 226
1029 59 59 1342
1030 59 59 1950
1031 59 59 3225
1032 59 59 819
1033 59 59 2824
1034 59 59 2666
1035 59 59 2954
1036 59 59 3171
1037 59 59 1447
1038 59 59 918
1039 59 59 590
1040 59 59 3313
1041 59 59 2134
1042 59 59 1256
1043 59 59 1689
1044 59 59 1387
1045 59 59 2852
1046 59 59 2121
1047 59 59 1992
1048 59 59 1337
1049 59 59 3749
1050 59 59 2818
1051 59 59 3359
1052 59 59 3110
1053 59 59 2803
1054 59 59 2950
1055 59 59 2705
1056 59 59 3834
1057 59 59 546
1058 59 59 1594
1059 59 59 264
1060 59 59 2720
1061 59 59 975
1062 59 59 1949
1063 59 59 1579
1064 59 59 317
1065 59 59 2753
1066 59 59 3371
1067 59 59 1457
1068 59 59 1410
1069 59 59 321
1070 59 59 1247
1071 59 59 1396
1072 59 59 340
1073 59 59 212
1074 59 59 3247
1075 59 59 1747
1076 59 59 3769
1077 59 59 1708
1078 59 59 1712
1079 59 59 3671
1080 59 59 3523
1081 59 59 2712
1082 59 59 3525
1083 59 59 529
1084 59 59 3611
1085 59 59 336
1086 59 59 171
1087 59 59 138
1088 59 59 3468
1089 59 59 3839
1090 59 59 1809
1091 59 59 987
1092 59 59 1981
1093 59 59 1839
1094 59 59 3728
1095 59 59 3799
1096 59 59 1543
1097 59 59 2940
1098 59 59 3615
1099 59 59 1385
1100 59 59 310
1101 59 59 1366
1102 59 59 2136
1103 59 59 1598
1104 59 59 2036
1105 59 59 282
1106 59 59 3430
1107 59 59 3490
1108 59 59 2050
1109 59 59 1662
1110 59 59 3694
1111 59 59 2448
1112 59 59 1736
1113 59 59 168
1114 59 59 2110
1115 59 59 3383
1116 59 59 573
1117 59 59 3693
1118 59 59 331
1119 59 59 1945
1120 59 59 693
1121 59 59 445
1122 59 59 1734
1123 59 59 3469
1124 59 59 470
1125 59 59 1329
1126 59 59 2545
1127 59 59 3815
1128 59 59 3814
1129 59 59 219
1130 59 59 1248
1131 59 59 1386
1132 59 59 3649
1133 59 59 1021
1134 59 59 3482
1135 59 59 3271
1136 59 59 435
1137 59 59 3256
1138 59 59 3643
1139 59 59 954
1140 59 59 384
1141 59 59 1894
1142 59 59 36
1143 59 59 3284
1144 59 59 766
1145 59 59 798
1146 59 59 2580
1147 59 59 2927
1148 59 59 1986
1149 59 59 1723
1150 59 59 2185
1151 59 59 2244
1152 59 59 2612
1153 59 59 2926
1154 59 59 160
1155 59 59 1066
1156 59 59 3821
1157 59 59 77
1158 59 59 3057
1159 59 59 2469
1160 59 59 1334
1161 59 59 2084
1162 59 59 1470
1163 59 59 1927
1164 59 59 2230
1165 59 59 711
1166 59 59 882
1167 59 59 2161
1168 59 59 2285
1169 59 59 3204
1170 59 59 800
1171 59 59 15
1172 59 59 2262
1173 59 59 90
1174 59 59 2023
1175 59 59 761
1176 59 59 3132
1177 59 59 2541
1178 59 59 867
1179 59 59 38
1180 59 59 1113
1181 59 59 461
1182 59 59 421
1183 59 59 2343
1184 59 59 3562
1185 59 59 1469
1186 59 59 2790
1187 59 59 2102
1188 59 59 2187
1189 59 59 2584
1190 59 59 448
1191 59 59 2636
1192 59 59 3308
1193 59 59 1057
1194 59 59 3224
1195 59 59 2588
1196 59 59 2089
1197 59 59 1917
1198 59 59 2738
1199 59 59 3051
1200 59 59 3812
1201 59 59 2295
1202 59 59 2150
1203 59 59 3674
1204 59 59 1500
1205 59 59 2936
1206 59 59 81
1207 59 59 2903
1208 59 59 3405
1209 59 59 511
1210 59 59 443
1211 59 59 3598
1212 59 59 119
1213 59 59 3036
1214 59 59 3127
1215 59 59 2944
1216 59 59 3
1217 59 59 3734
1218 59 59 1792
1219 59 59 319
1220 59 59 23
1221 59 59 3100
1222 59 59 2654
1223 59 59 51
1224 59 59 1219
1225 59 59 14
1226 59 59 1929
1227 59 59 198
1228 59 59 1352
1229 59 59 3409
1230 59 59 493
1231 59 59 266
1232 59 59 1406
1233 59 59 3373
1234 59 59 2913
1235 59 59 2883
1236 59 59 1309
1237 59 59 738
1238 59 59 76
1239 59 59 1276
1240 59 59 2311
1241 59 59 390
1242 59 59 879
1243 59 59 2994
1244 59 59 1973
1245 59 59 3018
1246 59 59 407
1247 59 59 1566
1248 59 59 70
1249 59 59 605
1250 59 59 1114
1251 59 59 1957
1252 59 59 1673
1253 59 59 2116
1254 59 59 2413
1255 59 59 2393
1256 59 59 41
1257 59 59 1624
1258 59 59 868
1259 59 59 1484
1260 59 59 2028
1261 59 59 2938
1262 59 59 2427
1263 59 59 1793
1264 59 59 1846
1265 59 59 35
1266 59 59 1904
1267 59 59 560
1268 59 59 3691
1269 59 59 577
1270 59 59 3292
1271 59 59 3328
1272 59 59 1069
1273 59 59 825
1274 59 59 780
1275 59 59 514
1276 59 59 2077
1277 59 59 2068
1278 59 59 2380
1279 59 59 1577
1280 59 59 622
1281 59 59 359
1282 59 59 184
1283 59 59 2730
1284 59 59 1008
1285 59 59 2457
1286 59 59 1820
1287 59 59 2226
1288 59 59 475
1289 59 59 856
1290 59 59 3795
1291 59 59 2362
1292 59 59 3662
1293 59 59 2532
1294 59 59 2237
1295 59 59 846
1296 59 59 1358
1297 59 59 2969
1298 59 59 813
1299 59 59 380
1300 59 59 2249
1301 59 59 142
1302 59 59 2363
1303 59 59 1440
1304 59 59 260
1305 59 59 1518
1306 59 59 3347
1307 59 59 2313
1308 59 59 2016
1309 59 59 3767
1310 59 59 1020
1311 59 59 2435
1312 59 59 1974
1313 59 59 3102
1314 59 59 388
1315 59 59 1725
1316 59 59 894
1317 59 59 3305
1318 59 59 1086
1319 59 59 1353
1320 59 59 3539
1321 59 59 281
1322 59 59 2210
1323 59 59 2177
1324 59 59 2773
1325 59 59 1301
1326 59 59 324
1327 59 59 2361
1328 59 59 499
1329 59 59 3101
1330 59 59 791
1331 59 59 3069
1332 59 59 3363
1333 59 59 729
1334 59 59 3607
1335 59 59 1308
1336 59 59 1890
1337 59 59 3707
1338 59 59 2158
1339 59 59 787
1340 59 59 627
1341 59 59 2760
1342 59 59 1307
1343 59 59 3033
1344 59 59 1755
1345 59 59 680
1346 59 59 1246
1347 59 59 162
1348 59 59 125
1349 59 59 1341
1350 59 59 232
1351 59 59 2129
1352 59 59 2173
1353 59 59 569
1354 59 59 1521
1355 59 59 756
1356 59 59 3502
1357 59 59 3608
1358 59 59 2724
1359 59 59 3742
1360 59 59 2715
1361 59 59 3447
1362 59 59 2891
1363 59 59 2273
1364 59 59 1783
1365 59 59 2476
1366 59 59 2875
1367 59 59 2764
1368 59 59 173
1369 59 59 1205
1370 59 59 902
1371 59 59 34
1372 59 59 2171
1373 59 59 1513
1374 59 59 1167
1375 59 59 3450
1376 59 59 3683
1377 59 59 728
1378 59 59 2356
1379 59 59 670
1380 59 59 636
1381 59 59 2093
1382 59 59 2247
1383 59 59 1373
1384 59 59 989
1385 59 59 3081
1386 59 59 1275
1387 59 59 1480
1388 59 59 497
1389 59 59 2298
1390 59 59 3810
1391 59 59 1959
1392 59 59 914
1393 59 59 3485
1394 59 59 969
1395 59 59 832
1396 59 59 2604
1397 59 59 2483
1398 59 59 2543
1399 59 59 1719
1400 59 59 3121
1401 59 59 351
1402 59 59 1867
1403 59 59 1350
1404 59 59 3311
1405 59 59 3214
1406 59 59 708
1407 59 59 1944
1408 59 59 276
1409 59 59 2700
1410 59 59 3170
1411 59 59 1390
1412 59 59 2859
1413 59 59 2341
1414 59 59 575
1415 59 59 2414
1416 59 59 2256
1417 59 59 2449
1418 59 59 568
1419 59 59 2167
1420 59 59 1808
1421 59 59 250
1422 59 59 3192
1423 59 59 3277
1424 59 59 3283
1425 59 59 210
1426 59 59 2652
1427 59 59 3439
1428 59 59 3580
1429 59 59 1637
1430 59 59 2877
1431 59 59 2368
1432 59 59 1430
1433 59 59 1995
1434 59 59 2440
1435 59 59 71
1436 59 59 2689
1437 59 59 885
1438 59 59 3061
1439 59 59 3804
1440 59 59 295
1441 59 59 127
1442 59 59 1182
1443 59 59 2725
1444 59 59 909
1445 59 59 615
1446 59 59 3428
1447 59 59 1068
1448 59 59 730
1449 59 59 3687
1450 59 59 1056
1451 59 59 3304
1452 59 59 2534
1453 59 59 3388
1454 59 59 2052
1455 59 59 1838
1456 59 59 2791
1457 59 59 2246
1458 59 59 3355
1459 59 59 165
1460 59 59 309
1461 59 59 155
1462 59 59 3553
1463 59 59 3341
1464 59 59 3711
1465 59 59 1210
1466 59 59 3663
1467 59 59 1655
1468 59 59 347
1469 59 59 84
1470 59 59 3185
1471 59 59 1862
1472 59 59 3668
1473 59 59 838
1474 59 59 731
1475 59 59 1855
1476 59 59 3194
1477 59 59 2866
1478 59 59 378
1479 59 59 433
1480 59 59 1227
1481 59 59 698
1482 59 59 1001
1483 59 59 3144
1484 59 59 2952
1485 59 59 3013
1486 59 59 1574
1487 59 59 2276
1488 59 59 2492
1489 59 59 835
1490 59 59 518
1491 59 59 2709
1492 59 59 3519
1493 59 59 1575
1494 59 59 707
1495 59 59 617
1496 59 59 1567
1497 59 59 2752
1498 59 59 3647
1499 59 59 32
1500 59 59 2708
1501 59 59 376
1502 59 59 2091
1503 59 59 2982
1504 59 59 823
1505 59 59 2546
1506 59 59 700
1507 59 59 1095
1508 59 59 2932
1509 59 59 929
1510 59 59 2
1511 59 59 1931
1512 59 59 1817
1513 59 59 966
1514 59 59 1321
1515 59 59 2676
1516 59 59 3158
1517 59 59 1963
1518 59 59 603
1519 59 59 124
1520 59 59 806
1521 59 59 1369
1522 59 59 2382
1523 59 59 3187
1524 59 59 2118
1525 59 59 538
1526 59 59 3481
1527 59 59 2420
1528 59 59 1633
1529 59 59 1737
1530 59 59 977
1531 59 59 3399
1532 59 59 2332
1533 59 59 3019
1534 59 59 3333
1535 59 59 3704
1536 59 59 1357
1537 59 59 2088
1538 59 59 3138
1539 59 59 349
1540 59 59 2914
1541 59 59 1126
1542 59 59 3104
1543 59 59 1705
1544 59 59 1367
1545 59 59 298
1546 59 59 1707
1547 59 59 1852
1548 59 59 1431
1549 59 59 3524
1550 59 59 153
1551 59 59 3335
1552 59 59 958
1553 59 59 1285
1554 59 59 491
1555 59 59 28
1556 59 59 1504
1557 59 59 335
1558 59 59 46
1559 59 59 3040
1560 59 59 961
1561 59 59 507
1562 59 59 3446
1563 59 59 3658
1564 59 59 3471
1565 59 59 174
1566 59 59 413
1567 59 59 1273
1568 59 59 1389
1569 59 59 3603
1570 59 59 1134
1571 59 59 3250
1572 59 59 3008
1573 59 59 57
1574 59 59 2797
1575 59 59 3514
1576 59 59 3173
1577 59 59 922
1578 59 59 2727
1579 59 59 2517
1580 59 59 382
1581 59 59 972
1582 59 59 3581
1583 59 59 164
1584 59 59 3541
1585 59 59 1646
1586 59 59 1240
1587 59 59 852
1588 59 59 1107
1589 59 59 1163
1590 59 59 984
1591 59 59 487
1592 59 59 3062
1593 59 59 3609
1594 59 59 3301
1595 59 59 3238
1596 59 59 75
1597 59 59 892
1598 59 59 3413
1599 59 59 917
1600 59 59 1746
1601 59 59 2501
1602 59 59 1419
1603 59 59 2426
1604 59 59 3545
1605 59 59 1497
1606 59 59 2509
1607 59 59 474
1608 59 59 3492
1609 59 59 2519
1610 59 59 1789
1611 59 59 3826
1612 59 59 2396
1613 59 59 1284
1614 59 59 1075
1615 59 59 1898
1616 59 59 2862
1617 59 59 409
1618 59 59 962
1619 59 59 541
1620 59 59 2013
1621 59 59 554
1622 59 59 921
1623 59 59 1079
1624 59 59 3807
1625 59 59 2047
1626 59 59 1442
1627 59 59 1602
1628 59 59 1085
1629 59 59 1930
1630 59 59 898
1631 59 59 2422
1632 59 59 1923
1633 59 59 1850
1634 59 59 3792
1635 59 59 1296
1636 59 59 2454
1637 59 59 654
1638 59 59 3791
1639 59 59 619
1640 59 59 1340
1641 59 59 2755
1642 59 59 2364
1643 59 59 2848
1644 59 59 393
1645 59 59 3652
1646 59 59 253
1647 59 59 2732
1648 59 59 967
1649 59 59 1803
1650 59 59 1531
1651 59 59 1082
1652 59 59 3559
1653 59 59 2354
1654 59 59 131
1655 59 59 3522
1656 59 59 2788
1657 59 59 3032
1658 59 59 1801
1659 59 59 158
1660 59 59 1330
1661 59 59 2423
1662 59 59 2697
1663 59 59 993
1664 59 59 3016
1665 59 59 2048
1666 59 59 570
1667 59 59 639
1668 59 59 3591
1669 59 59 2475
1670 59 59 2673
1671 59 59 406
1672 59 59 3466
1673 59 59 1565
1674 59 59 246
1675 59 59 2904
1676 59 59 3830
1677 59 59 2780
1678 59 59 2739
1679 59 59 2500
1680 59 59 2829
1681 59 59 3010
1682 59 59 2639
1683 59 59 1363
1684 59 59 3511
1685 59 59 998
1686 59 59 2095
1687 59 59 2567
1688 59 59 1191
1689 59 59 3564
1690 59 59 2860
1691 59 59 531
1692 59 59 484
1693 59 59 2329
1694 59 59 1467
1695 59 59 3342
1696 59 59 1154
1697 59 59 3386
1698 59 59 197
1699 59 59 1186
1700 59 59 2835
1701 59 59 502
1702 59 59 2026
1703 59 59 597
1704 59 59 1217
1705 59 59 2597
1706 59 59 1512
1707 59 59 2869
1708 59 59 203
1709 59 59 2188
1710 59 59 1150
1711 59 59 428
1712 59 59 10
1713 59 59 676
1714 59 59 468
1715 59 59 783
1716 59 59 361
1717 59 59 3193
1718 59 59 3467
1719 59 59 2347
1720 59 59 600
1721 59 59 848
1722 59 59 2595
1723 59 59 2310
1724 59 59 3037
1725 59 59 1360
1726 59 59 1351
1727 59 59 796
1728 59 59 3612
1729 59 59 1053
1730 59 59 348
1731 59 59 725
1732 59 59 2942
1733 59 59 1093
1734 59 59 2801
1735 59 59 1586
1736 59 59 1782
1737 59 59 864
1738 59 59 779
1739 59 59 1731
1740 59 59 536
1741 59 59 1180
1742 59 59 1612
1743 59 59 1548
1744 59 59 3529
1745 59 59 1320
1746 59 59 2793
1747 59 59 1583
1748 59 59 1354
1749 59 59 419
1750 59 59 3589
1751 59 59 2374
1752 59 59 1221
1753 59 59 1482
1754 59 59 2528
1755 59 59 3106
1756 59 59 3077
1757 59 59 457
1758 59 59 147
1759 59 59 2491
1760 59 59 2582
1761 59 59 303
1762 59 59 3188
1763 59 59 1394
1764 59 59 1043
1765 59 59 2288
1766 59 59 2387
1767 59 59 2737
1768 59 59 1857
1769 59 59 3460
1770 59 59 3215
1771 59 59 578
1772 59 59 588
1773 59 59 1754
1774 59 59 1230
1775 59 59 3027
1776 59 59 2399
1777 59 59 2627
1778 59 59 3418
1779 59 59 3729
1780 59 59 1527
1781 59 59 2352
1782 59 59 1130
1783 59 59 2455
1784 59 59 1491
1785 59 59 1552
1786 59 59 364
1787 59 59 2000
1788 59 59 2465
1789 59 59 2974
1790 59 59 2906
1791 59 59 2872
1792 59 59 1891
1793 59 59 2004
1794 59 59 1879
1795 59 59 1676
1796 59 59 532
1797 59 59 2072
1798 59 59 2919
1799 59 59 1728
1800 59 59 1544
1801 59 59 2432
1802 59 59 482
1803 59 59 1319
1804 59 59 2771
1805 59 59 2729
1806 59 59 1938
1807 59 59 2751
1808 59 59 506
1809 59 59 2642
1810 59 59 1907
1811 59 59 2083
1812 59 59 601
1813 59 59 1744
1814 59 59 3236
1815 59 59 2239
1816 59 59 2745
1817 59 59 3136
1818 59 59 2527
1819 59 59 2412
1820 59 59 1979
1821 59 59 764
1822 59 59 1595
1823 59 59 1982
1824 59 59 793
1825 59 59 551
1826 59 59 2681
1827 59 59 1700
1828 59 59 1412
1829 59 59 2392
1830 59 59 672
1831 59 59 3098
1832 59 59 2381
1833 59 59 1699
1834 59 59 744
1835 59 59 2127
1836 59 59 1111
1837 59 59 2902
1838 59 59 3165
1839 59 59 1092
1840 59 59 3766
1841 59 59 3837
1842 59 59 275
1843 59 59 3828
1844 59 59 3232
1845 59 59 2307
1846 59 59 2583
1847 59 59 757
1848 59 59 1505
1849 59 59 1203
1850 59 59 3202
1851 59 59 3558
1852 59 59 2049
1853 59 59 1384
1854 59 59 774
1855 59 59 2965
1856 59 59 2379
1857 59 59 991
1858 59 59 3009
1859 59 59 2871
1860 59 59 3708
1861 59 59 3146
1862 59 59 2165
1863 59 59 1272
1864 59 59 3610
1865 59 59 1277
1866 59 59 887
1867 59 59 2525
1868 59 59 2132
1869 59 59 3547
1870 59 59 2834
1871 59 59 3757
1872 59 59 592
1873 59 59 3029
1874 59 59 3190
1875 59 59 620
1876 59 59 2768
1877 59 59 478
1878 59 59 2075
1879 59 59 2280
1880 59 59 3177
1881 59 59 1526
1882 59 59 3817
1883 59 59 2473
1884 59 59 3637
1885 59 59 1187
1886 59 59 418
1887 59 59 1173
1888 59 59 1561
1889 59 59 2770
1890 59 59 3419
1891 59 59 2530
1892 59 59 3546
1893 59 59 748
1894 59 59 2807
1895 59 59 403
1896 59 59 1901
1897 59 59 1576
1898 59 59 425
1899 59 59 113
1900 59 59 1752
1901 59 59 1822
1902 59 59 1721
1903 59 59 1324
1904 59 59 2269
1905 59 59 86
1906 59 59 1563
1907 59 59 183
1908 59 59 927
1909 59 59 1647
1910 59 59 2659
1911 59 59 890
1912 59 59 1356
1913 59 59 1706
1914 59 59 2460
1915 59 59 2349
1916 59 59 1081
1917 59 59 1916
1918 59 59 3302
1919 59 59 3065
1920 59 59 736
1921 59 59 2217
1922 59 59 3360
1923 59 59 2886
1924 59 59 3722
1925 59 59 2521
1926 59 59 587
1927 59 59 3370
1928 59 59 1372
1929 59 59 829
1930 59 59 3254
1931 59 59 2962
1932 59 59 938
1933 59 59 3660
1934 59 59 552
1935 59 59 22
1936 59 59 3083
1937 59 59 1259
1938 59 59 2409
1939 59 59 1523
1940 59 59 2987
1941 59 59 2981
1942 59 59 449
1943 59 59 3476
1944 59 59 2114
1945 59 59 2140
1946 59 59 616
1947 59 59 3398
1948 59 59 2976
1949 59 59 3137
1950 59 59 207
1951 59 59 306
1952 59 59 3681
1953 59 59 416
1954 59 59 399
1955 59 59 1550
1956 59 59 2529
1957 59 59 2923
1958 59 59 2826
1959 59 59 2533
1960 59 59 1975
1961 59 59 3228
1962 59 59 3495
1963 59 59 432
1964 59 59 970
1965 59 59 2040
1966 59 59 328
1967 59 59 865
1968 59 59 2278
1969 59 59 1742
1970 59 59 545
1971 59 59 3245
1972 59 59 2523
1973 59 59 159
1974 59 59 2259
1975 59 59 1338
1976 59 59 928
1977 59 59 3487
1978 59 59 3406
1979 59 59 732
1980 59 59 2581
1981 59 59 1956
1982 59 59 178
1983 59 59 3166
1984 59 59 2870
1985 59 59 735
1986 59 59 2342
1987 59 59 430
1988 59 59 625
1989 59 59 1628
1990 59 59 2212
1991 59 59 2925
1992 59 59 3653
1993 59 59 512
1994 59 59 187
1995 59 59 2566
1996 59 59 3141
1997 59 59 2316
1998 59 59 58
1999 59 59 1011
2000 59 59 893
2001 59 59 3046
2002 59 59 3672
2003 59 59 2113
2004 59 59 3295
2005 59 59 1429
2006 59 59 716
2007 59 59 2340
2008 59 59 1687
2009 59 59 1183
2010 59 59 705
2011 59 59 2844
2012 59 59 234
2013 59 59 3203
2014 59 59 1632
2015 59 59 1895
2016 59 59 697
2017 59 59 572
2018 59 59 1812
2019 59 59 2267
2020 59 59 3579
2021 59 59 3378
2022 59 59 67
2023 59 59 2182
2024 59 59 1388
2025 59 59 2837
2026 59 59 2827
2027 59 59 1010
2028 59 59 3074
2029 59 59 1176
2030 59 59 2806
2031 59 59 201
2032 59 59 21
2033 59 59 3223
2034 59 59 2330
2035 59 59 631
2036 59 59 950
2037 59 59 664
2038 59 59 2997
2039 59 59 2233
2040 59 59 3736
2041 59 59 3205
2042 59 59 1749
2043 59 59 1642
2044 59 59 3429
2045 59 59 1333
2046 59 59 827
2047 59 59 880
2048 59 59 623
2049 59 59 2296
2050 59 59 1061
2051 59 59 2572
2052 59 59 2623
2053 59 59 117
2054 59 59 2941
2055 59 59 768
2056 59 59 3361
2057 59 59 2964
2058 59 59 2466
2059 59 59 2995
2060 59 59 3422
2061 59 59 1013
2062 59 59 1501
2063 59 59 53
2064 59 59 2484
2065 59 59 2702
2066 59 59 997
2067 59 59 1434
2068 59 59 18
2069 59 59 3395
2070 59 59 2309
2071 59 59 3776
2072 59 59 1392
2073 59 59 2410
2074 59 59 650
2075 59 59 1656
2076 59 59 1753
2077 59 59 283
2078 59 59 1362
2079 59 59 2027
2080 59 59 194
2081 59 59 2105
2082 59 59 424
2083 59 59 1872
2084 59 59 2718
2085 59 59 12
2086 59 59 1609
2087 59 59 607
2088 59 59 633
2089 59 59 2010
2090 59 59 3516
2091 59 59 120
2092 59 59 3743
2093 59 59 1680
2094 59 59 434
2095 59 59 1915
2096 59 59 3367
2097 59 59 2682
2098 59 59 88
2099 59 59 3044
2100 59 59 1344
2101 59 59 1131
2102 59 59 3617
2103 59 59 163
2104 59 59 396
2105 59 59 3143
2106 59 59 2100
2107 59 59 1922
2108 59 59 583
2109 59 59 2053
2110 59 59 3688
2111 59 59 1084
2112 59 59 3716
2113 59 59 2909
2114 59 59 685
2115 59 59 3501
2116 59 59 2012
2117 59 59 2728
2118 59 59 2034
2119 59 59 908
2120 59 59 1335
2121 59 59 1649
2122 59 59 3788
2123 59 59 2929
2124 59 59 1875
2125 59 59 1686
2126 59 59 606
2127 59 59 354
2128 59 59 955
2129 59 59 2383
2130 59 59 414
2131 59 59 642
2132 59 59 703
2133 59 59 2388
2134 59 59 3452
2135 59 59 114
2136 59 59 1226
2137 59 59 1970
2138 59 59 3375
2139 59 59 2367
2140 59 59 1525
2141 59 59 3255
2142 59 59 3740
2143 59 59 2242
2144 59 59 2159
2145 59 59 24
2146 59 59 2796
2147 59 59 3055
2148 59 59 3073
2149 59 59 2282
2150 59 59 3279
2151 59 59 1619
2152 59 59 1626
2153 59 59 3148
2154 59 59 333
2155 59 59 2756
2156 59 59 3045
2157 59 59 1892
2158 59 59 866
2159 59 59 2520
2160 59 59 2421
2161 59 59 743
2162 59 59 1643
2163 59 59 647
2164 59 59 2175
2165 59 59 1729
2166 59 59 1000
2167 59 59 2683
2168 59 59 1932
2169 59 59 2653
2170 59 59 3163
2171 59 59 599
2172 59 59 3515
2173 59 59 1903
2174 59 59 1713
2175 59 59 2758
2176 59 59 686
2177 59 59 3493
2178 59 59 3442
2179 59 59 2065
2180 59 59 2096
2181 59 59 2104
2182 59 59 2245
2183 59 59 1711
2184 59 59 2692
2185 59 59 30
2186 59 59 3669
2187 59 59 2284
2188 59 59 1696
2189 59 59 223
2190 59 59 2842
2191 59 59 3664
2192 59 59 897
2193 59 59 534
2194 59 59 3625
2195 59 59 2878
2196 59 59 2236
2197 59 59 3154
2198 59 59 332
2199 59 59 2769
2200 59 59 1116
2201 59 59 1003
2202 59 59 3011
2203 59 59 1261
2204 59 59 66
2205 59 59 638
2206 59 59 85
2207 59 59 254
2208 59 59 1381
2209 59 59 2820
2210 59 59 1762
2211 59 59 556
2212 59 59 1231
2213 59 59 2216
2214 59 59 983
2215 59 59 1541
2216 59 59 102
2217 59 59 2209
2218 59 59 2436
2219 59 59 3635
2220 59 59 3596
2221 59 59 3718
2222 59 59 2510
2223 59 59 3294
2224 59 59 1443
2225 59 59 2213
2226 59 59 2275
2227 59 59 581
2228 59 59 3088
2229 59 59 3782
2230 59 59 2701
2231 59 59 1004
2232 59 59 2186
2233 59 59 1201
2234 59 59 933
2235 59 59 3684
2236 59 59 3725
2237 59 59 2166
2238 59 59 1716
2239 59 59 1451
2240 59 59 2003
2241 59 59 1486
2242 59 59 1103
2243 59 59 3002
2244 59 59 3017
2245 59 59 255
2246 59 59 302
2247 59 59 2695
2248 59 59 1063
2249 59 59 3424
2250 59 59 1049
2251 59 59 3435
2252 59 59 759
2253 59 59 456
2254 59 59 1477
2255 59 59 2225
2256 59 59 2713
2257 59 59 855
2258 59 59 1791
2259 59 59 2609
2260 59 59 1764
2261 59 59 3455
2262 59 59 678
2263 59 59 2617
2264 59 59 2828
2265 59 59 2754
2266 59 59 762
2267 59 59 624
2268 59 59 1071
2269 59 59 595
2270 59 59 2429
2271 59 59 2067
2272 59 59 1912
2273 59 59 3489
2274 59 59 2805
2275 59 59 1359
2276 59 59 1472
2277 59 59 1866
2278 59 59 385
2279 59 59 167
2280 59 59 982
2281 59 59 2438
2282 59 59 109
2283 59 59 737
2284 59 59 83
2285 59 59 3486
2286 59 59 726
2287 59 59 669
2288 59 59 1299
2289 59 59 2613
2290 59 59 2766
2291 59 59 3352
2292 59 59 3000
2293 59 59 495
2294 59 59 2749
2295 59 59 3785
2296 59 59 2985
2297 59 59 318
2298 59 59 258
2299 59 59 775
2300 59 59 877
2301 59 59 3477
2302 59 59 2628
2303 59 59 1073
2304 59 59 1237
2305 59 59 3808
2306 59 59 593
2307 59 59 2809
2308 59 59 608
2309 59 59 895
2310 59 59 3682
2311 59 59 2480
2312 59 59 489
2313 59 59 2917
2314 59 59 1796
2315 59 59 1207
2316 59 59 2080
2317 59 59 3505
2318 59 59 3368
2319 59 59 745
2320 59 59 2189
2321 59 59 778
2322 59 59 527
2323 59 59 1064
2324 59 59 661
2325 59 59 1939
2326 59 59 1143
2327 59 59 327
2328 59 59 1860
2329 59 59 634
2330 59 59 1508
2331 59 59 3465
2332 59 59 1115
2333 59 59 3629
2334 59 59 242
2335 59 59 1545
2336 59 59 1893
2337 59 59 2032
2338 59 59 3544
2339 59 59 1821
2340 59 59 1002
2341 59 59 2203
2342 59 59 3517
2343 59 59 2589
2344 59 59 3420
2345 59 59 350
2346 59 59 1179
2347 59 59 2792
2348 59 59 3063
2349 59 59 723
2350 59 59 2717
2351 59 59 1996
2352 59 59 3275
2353 59 59 3606
2354 59 59 2759
2355 59 59 1196
2356 59 59 2991
2357 59 59 121
2358 59 59 3374
2359 59 59 1096
2360 59 59 3150
2361 59 59 2608
2362 59 59 2524
2363 59 59 3239
2364 59 59 562
2365 59 59 341
2366 59 59 1864
2367 59 59 2453
2368 59 59 2967
2369 59 59 3082
2370 59 59 386
2371 59 59 1685
2372 59 59 2953
2373 59 59 2561
2374 59 59 3047
2375 59 59 2406
2376 59 59 912
2377 59 59 2585
2378 59 59 1971
2379 59 59 1378
2380 59 59 2485
2381 59 59 3622
2382 59 59 1775
2383 59 59 640
2384 59 59 3723
2385 59 59 1054
2386 59 59 3535
2387 59 59 79
2388 59 59 1621
2389 59 59 2667
2390 59 59 3566
2391 59 59 300
2392 59 59 3425
2393 59 59 3323
2394 59 59 2479
2395 59 59 152
2396 59 59 498
2397 59 59 2841
2398 59 59 3263
2399 59 59 1758
2400 59 59 765
2401 59 59 3384
2402 59 59 1589
2403 59 59 522
2404 59 59 1099
2405 59 59 1170
2406 59 59 2685
2407 59 59 1282
2408 59 59 1300
2409 59 59 1835
2410 59 59 3500
2411 59 59 1599
2412 59 59 1908
2413 59 59 2761
2414 59 59 1349
2415 59 59 3096
2416 59 59 2494
2417 59 59 1110
2418 59 59 479
2419 59 59 2535
2420 59 59 3593
2421 59 59 1909
2422 59 59 215
2423 59 59 2876
2424 59 59 2087
2425 59 59 1584
2426 59 59 3698
2427 59 59 1241
2428 59 59 520
2429 59 59 830
2430 59 59 2279
2431 59 59 1885
2432 59 59 1147
2433 59 59 3408
2434 59 59 3274
2435 59 59 1128
2436 59 59 1014
2437 59 59 2451
2438 59 59 3162
2439 59 59 2196
2440 59 59 2144
2441 59 59 519
2442 59 59 1641
2443 59 59 444
2444 59 59 2324
2445 59 59 1407
2446 59 59 2360
2447 59 59 2011
2448 59 59 214
2449 59 59 517
2450 59 59 3410
2451 59 59 1670
2452 59 59 2231
2453 59 59 316
2454 59 59 2097
2455 59 59 391
2456 59 59 3264
2457 59 59 1104
2458 59 59 1462
2459 59 59 1818
2460 59 59 2746
2461 59 59 1816
2462 59 59 2522
2463 59 59 3160
2464 59 59 2123
2465 59 59 2723
2466 59 59 530
2467 59 59 2544
2468 59 59 402
2469 59 59 312
2470 59 59 1417
2471 59 59 3241
2472 59 59 1661
2473 59 59 2018
2474 59 59 2570
2475 59 59 842
2476 59 59 2218
2477 59 59 3415
2478 59 59 2117
2479 59 59 2322
2480 59 59 2726
2481 59 59 454
2482 59 59 395
2483 59 59 905
2484 59 59 1790
2485 59 59 3678
2486 59 59 2146
2487 59 59 141
2488 59 59 2160
2489 59 59 2058
2490 59 59 1450
2491 59 59 1849
2492 59 59 1120
2493 59 59 2306
2494 59 59 1882
2495 59 59 2611
2496 59 59 3440
2497 59 59 1471
2498 59 59 822
2499 59 59 1374
2500 59 59 176
2501 59 59 2163
2502 59 59 3404
2503 59 59 821
2504 59 59 1874
2505 59 59 1805
2506 59 59 2937
2507 59 59 807
2508 59 59 1223
2509 59 59 3733
2510 59 59 446
2511 59 59 2798
2512 59 59 2257
2513 59 59 104
2514 59 59 3582
2515 59 59 2074
2516 59 59 2887
2517 59 59 383
2518 59 59 701
2519 59 59 747
2520 59 59 40
2521 59 59 2139
2522 59 59 3142
2523 59 59 1653
2524 59 59 2286
2525 59 59 1976
2526 59 59 1968
2527 59 59 3001
2528 59 59 719
2529 59 59 2795
2530 59 59 1785
2531 59 59 3213
2532 59 59 2141
2533 59 59 3811
2534 59 59 2495
2535 59 59 1211
2536 59 59 91
2537 59 59 3618
2538 59 59 2851
2539 59 59 2672
2540 59 59 1769
2541 59 59 1779
2542 59 59 945
2543 59 59 299
2544 59 59 1034
2545 59 59 3624
2546 59 59 1727
2547 59 59 26
2548 59 59 1679
2549 59 59 2079
2550 59 59 271
2551 59 59 2155
2552 59 59 2555
2553 59 59 550
2554 59 59 1159
2555 59 59 2030
2556 59 59 2194
2557 59 59 2323
2558 59 59 2586
2559 59 59 3401
2560 59 59 2207
2561 59 59 3570
2562 59 59 3280
2563 59 59 2202
2564 59 59 1438
2565 59 59 1382
2566 59 59 760
2567 59 59 3226
2568 59 59 3738
2569 59 59 1726
2570 59 59 3394
2571 59 59 1244
2572 59 59 2250
2573 59 59 621
2574 59 59 3094
2575 59 59 3824
2576 59 59 2251
2577 59 59 3184
2578 59 59 3282
2579 59 59 2043
2580 59 59 992
2581 59 59 834
2582 59 59 2605
2583 59 59 739
2584 59 59 3575
2585 59 59 1281
2586 59 59 859
2587 59 59 2452
2588 59 59 3686
2589 59 59 924
2590 59 59 262
2591 59 59 1991
2592 59 59 986
2593 59 59 2365
2594 59 59 3638
2595 59 59 663
2596 59 59 2179
2597 59 59 2024
2598 59 59 2774
2599 59 59 579
2600 59 59 3472
2601 59 59 1848
2602 59 59 2847
2603 59 59 472
2604 59 59 453
2605 59 59 1175
2606 59 59 195
2607 59 59 3056
2608 59 59 2149
2609 59 59 2336
2610 59 59 1928
2611 59 59 2786
2612 59 59 2270
2613 59 59 815
2614 59 59 1741
2615 59 59 233
2616 59 59 3321
2617 59 59 2890
2618 59 59 241
2619 59 59 1106
2620 59 59 1498
2621 59 59 1873
2622 59 59 1168
2623 59 59 1200
2624 59 59 1763
2625 59 59 875
2626 59 59 968
2627 59 59 3397
2628 59 59 2537
2629 59 59 584
2630 59 59 3128
2631 59 59 2293
2632 59 59 1830
2633 59 59 2816
2634 59 59 2892
2635 59 59 2881
2636 59 59 3211
2637 59 59 1694
2638 59 59 1911
2639 59 59 1606
2640 59 59 946
2641 59 59 1634
2642 59 59 249
2643 59 59 1578
2644 59 59 301
2645 59 59 2478
2646 59 59 2474
2647 59 59 1639
2648 59 59 1012
2649 59 59 1823
2650 59 59 1045
2651 59 59 2447
2652 59 59 2337
2653 59 59 3462
2654 59 59 709
2655 59 59 2031
2656 59 59 1648
2657 59 59 1181
2658 59 59 1829
2659 59 59 2538
2660 59 59 1251
2661 59 59 205
2662 59 59 220
2663 59 59 3565
2664 59 59 1489
2665 59 59 3195
2666 59 59 278
2667 59 59 3780
2668 59 59 3592
2669 59 59 1460
2670 59 59 381
2671 59 59 2443
2672 59 59 1768
2673 59 59 792
2674 59 59 3109
2675 59 59 1409
2676 59 59 1900
2677 59 59 1910
2678 59 59 1704
2679 59 59 2660
2680 59 59 2290
2681 59 59 3050
2682 59 59 1844
2683 59 59 1368
2684 59 59 3690
2685 59 59 1195
2686 59 59 370
2687 59 59 2574
2688 59 59 287
2689 59 59 1263
2690 59 59 3231
2691 59 59 488
2692 59 59 3616
2693 59 59 3286
2694 59 59 3827
2695 59 59 770
2696 59 59 122
2697 59 59 870
2698 59 59 3026
2699 59 59 513
2700 59 59 742
2701 59 59 2854
2702 59 59 613
2703 59 59 2223
2704 59 59 1318
2705 59 59 1597
2706 59 59 2503
2707 59 59 2822
2708 59 59 1865
2709 59 59 1323
2710 59 59 1784
2711 59 59 311
2712 59 59 3108
2713 59 59 1458
2714 59 59 3298
2715 59 59 684
2716 59 59 2931
2717 59 59 873
2718 59 59 618
2719 59 59 188
2720 59 59 1289
2721 59 59 2939
2722 59 59 1745
2723 59 59 1987
2724 59 59 2945
2725 59 59 740
2726 59 59 3595
2727 59 59 2094
2728 59 59 3623
2729 59 59 420
2730 59 59 3372
2731 59 59 797
2732 59 59 1109
2733 59 59 2314
2734 59 59 2232
2735 59 59 1841
2736 59 59 2716
2737 59 59 2459
2738 59 59 1037
2739 59 59 2051
2740 59 59 659
2741 59 59 3763
2742 59 59 344
2743 59 59 2817
2744 59 59 2391
2745 59 59 111
2746 59 59 3164
2747 59 59 97
2748 59 59 1245
2749 59 59 565
2750 59 59 3336
2751 59 59 2394
2752 59 59 784
2753 59 59 1876
2754 59 59 1006
2755 59 59 1141
2756 59 59 2988
2757 59 59 1401
2758 59 59 2960
2759 59 59 1492
2760 59 59 841
2761 59 59 2587
2762 59 59 1156
2763 59 59 3004
2764 59 59 3054
2765 59 59 3798
2766 59 59 690
2767 59 59 150
2768 59 59 1302
2769 59 59 3348
2770 59 59 3309
2771 59 59 2670
2772 59 59 503
2773 59 59 1571
2774 59 59 3709
2775 59 59 157
2776 59 59 3497
2777 59 59 485
2778 59 59 3340
2779 59 59 2148
2780 59 59 1519
2781 59 59 1984
2782 59 59 1690
2783 59 59 978
2784 59 59 1208
2785 59 59 981
2786 59 59 2334
2787 59 59 3437
2788 59 59 3159
2789 59 59 1129
2790 59 59 1623
2791 59 59 3540
2792 59 59 1224
2793 59 59 1312
2794 59 59 1897
2795 59 59 996
2796 59 59 2625
2797 59 59 3587
2798 59 59 1023
2799 59 59 2221
2800 59 59 490
2801 59 59 2978
2802 59 59 3494
2803 59 59 465
2804 59 59 1032
2805 59 59 629
2806 59 59 2856
2807 59 59 2507
2808 59 59 2424
2809 59 59 2234
2810 59 59 1635
2811 59 59 704
2812 59 59 2956
2813 59 59 878
2814 59 59 3520
2815 59 59 1332
2816 59 59 3060
2817 59 59 2748
2818 59 59 2277
2819 59 59 3351
2820 59 59 2487
2821 59 59 3124
2822 59 59 3293
2823 59 59 2694
2824 59 59 3484
2825 59 59 1537
2826 59 59 1078
2827 59 59 1863
2828 59 59 1617
2829 59 59 1965
2830 59 59 1608
2831 59 59 626
2832 59 59 3281
2833 59 59 3315
2834 59 59 1446
2835 59 59 850
2836 59 59 3720
2837 59 59 3090
2838 59 59 3567
2839 59 59 296
2840 59 59 1675
2841 59 59 227
2842 59 59 1017
2843 59 59 3028
2844 59 59 1811
2845 59 59 939
2846 59 59 1570
2847 59 59 3551
2848 59 59 1947
2849 59 59 2456
2850 59 59 1611
2851 59 59 3431
2852 59 59 1636
2853 59 59 2405
2854 59 59 1961
2855 59 59 346
2856 59 59 3543
2857 59 59 2674
2858 59 59 3206
2859 59 59 9
2860 59 59 126
2861 59 59 3381
2862 59 59 667
2863 59 59 1009
2864 59 59 861
2865 59 59 1077
2866 59 59 136
2867 59 59 1274
2868 59 59 3039
2869 59 59 256
2870 59 59 2168
2871 59 59 3179
2872 59 59 3673
2873 59 59 170
2874 59 59 1371
2875 59 59 2411
2876 59 59 2358
2877 59 59 1166
2878 59 59 2369
2879 59 59 69
2880 59 59 3499
2881 59 59 1607
2882 59 59 1870
2883 59 59 3445
2884 59 59 2321
2885 59 59 1293
2886 59 59 1316
2887 59 59 2461
2888 59 59 112
2889 59 59 598
2890 59 59 2439
2891 59 59 133
2892 59 59 3220
2893 59 59 3444
2894 59 59 62
2895 59 59 2211
2896 59 59 1530
2897 59 59 1767
2898 59 59 2825
2899 59 59 37
2900 59 59 3043
2901 59 59 372
2902 59 59 1287
2903 59 59 2512
2904 59 59 1080
2905 59 59 722
2906 59 59 1140
2907 59 59 1683
2908 59 59 177
2909 59 59 1039
2910 59 59 3337
2911 59 59 2007
2912 59 59 1536
2913 59 59 3619
2914 59 59 2035
2915 59 59 3332
2916 59 59 2722
2917 59 59 3768
2918 59 59 1479
2919 59 59 677
2920 59 59 3268
2921 59 59 1098
2922 59 59 1286
2923 59 59 2921
2924 59 59 3755
2925 59 59 2629
2926 59 59 727
2927 59 59 199
2928 59 59 3248
2929 59 59 1254
2930 59 59 1640
2931 59 59 2554
2932 59 59 2565
2933 59 59 632
2934 59 59 55
2935 59 59 2137
2936 59 59 423
2937 59 59 1325
2938 59 59 746
2939 59 59 3153
2940 59 59 93
2941 59 59 1209
2942 59 59 3714
2943 59 59 2920
2944 59 59 1718
2945 59 59 2757
2946 59 59 964
2947 59 59 224
2948 59 59 2197
2949 59 59 2458
2950 59 59 1149
2951 59 59 3157
2952 59 59 2896
2953 59 59 3735
2954 59 59 369
2955 59 59 586
2956 59 59 724
2957 59 59 1290
2958 59 59 1630
2959 59 59 389
2960 59 59 1989
2961 59 59 2191
2962 59 59 1585
2963 59 59 812
2964 59 59 2838
2965 59 59 3175
2966 59 59 602
2967 59 59 1194
2968 59 59 352
2969 59 59 1618
2970 59 59 132
2971 59 59 3145
2972 59 59 3112
2973 59 59 1146
2974 59 59 673
2975 59 59 2070
2976 59 59 2319
2977 59 59 1983
2978 59 59 3572
2979 59 59 2830
2980 59 59 2888
2981 59 59 190
2982 59 59 582
2983 59 59 2831
2984 59 59 2947
2985 59 59 100
2986 59 59 3072
2987 59 59 3176
2988 59 59 1022
2989 59 59 1304
2990 59 59 913
2991 59 59 671
2992 59 59 773
2993 59 59 245
2994 59 59 2431
2995 59 59 3350
2996 59 59 3823
2997 59 59 3319
2998 59 59 1453
2999 59 59 718
3000 59 59 3786
3001 59 59 653
3002 59 59 3461
3003 59 59 1432
3004 59 59 2059
3005 59 59 2229
3006 59 59 1788
3007 59 59 2858
3008 59 59 3599
3009 59 59 523
3010 59 59 2156
3011 59 59 1060
3012 59 59 3840
3013 59 59 1724
3014 59 59 1977
3015 59 59 1328
3016 59 59 1220
3017 59 59 1941
3018 59 59 1743
3019 59 59 3006
3020 59 59 1946
3021 59 59 1738
3022 59 59 808
3023 59 59 1751
3024 59 59 2539
3025 59 59 1549
3026 59 59 3751
3027 59 59 1532
3028 59 59 2813
3029 59 59 307
3030 59 59 1834
3031 59 59 3362
3032 59 59 330
3033 59 59 3706
3034 59 59 3345
3035 59 59 265
3036 59 59 1845
3037 59 59 3131
3038 59 59 87
3039 59 59 543
3040 59 59 750
3041 59 59 387
3042 59 59 691
3043 59 59 3243
3044 59 59 3034
3045 59 59 2778
3046 59 59 3756
3047 59 59 2815
3048 59 59 1522
3049 59 59 2719
3050 59 59 2814
3051 59 59 2637
3052 59 59 3577
3053 59 59 2783
3054 59 59 2899
3055 59 59 2833
3056 59 59 2327
3057 59 59 2147
3058 59 59 2033
3059 59 59 252
3060 59 59 1100
3061 59 59 237
3062 59 59 80
3063 59 59 1934
3064 59 59 2799
3065 59 59 2145
3066 59 59 2255
3067 59 59 2253
3068 59 59 439
3069 59 59 1055
3070 59 59 1228
3071 59 59 2317
3072 59 59 1810
3073 59 59 628
3074 59 59 3764
3075 59 59 3066
3076 59 59 398
3077 59 59 1046
3078 59 59 3113
3079 59 59 1278
3080 59 59 2552
3081 59 59 2081
3082 59 59 3007
3083 59 59 3058
3084 59 59 589
3085 59 59 3620
3086 59 59 3133
3087 59 59 3710
3088 59 59 2154
3089 59 59 1777
3090 59 59 3003
3091 59 59 741
3092 59 59 1786
3093 59 59 3048
3094 59 59 106
3095 59 59 3240
3096 59 59 2916
3097 59 59 2593
3098 59 59 477
3099 59 59 1133
3100 59 59 2649
3101 59 59 3091
3102 59 59 3290
3103 59 59 1914
3104 59 59 2810
3105 59 59 2417
3106 59 59 1559
3107 59 59 2867
3108 59 59 3770
3109 59 59 3246
3110 59 59 3803
3111 59 59 1151
3112 59 59 2775
3113 59 59 107
3114 59 59 1502
3115 59 59 1415
3116 59 59 3416
3117 59 59 1058
3118 59 59 3602
3119 59 59 3746
3120 59 59 2633
3121 59 59 2488
3122 59 59 3218
3123 59 59 3117
3124 59 59 2430
3125 59 59 175
3126 59 59 683
3127 59 59 645
3128 59 59 755
3129 59 59 1145
3130 59 59 3778
3131 59 59 429
3132 59 59 1189
3133 59 59 1883
3134 59 59 1668
3135 59 59 3314
3136 59 59 2122
3137 59 59 804
3138 59 59 2464
3139 59 59 95
3140 59 59 56
3141 59 59 751
3142 59 59 3829
3143 59 59 1678
3144 59 59 2397
3145 59 59 2181
3146 59 59 3151
3147 59 59 2794
3148 59 59 1667
3149 59 59 1117
3150 59 59 876
3151 59 59 3307
3152 59 59 1955
3153 59 59 1739
3154 59 59 886
3155 59 59 3470
3156 59 59 2325
3157 59 59 1165
3158 59 59 1732
3159 59 59 2905
3160 59 59 2162
3161 59 59 752
3162 59 59 3244
3163 59 59 594
3164 59 59 1692
3165 59 59 1136
3166 59 59 3068
3167 59 59 3787
3168 59 59 3509
3169 59 59 3699
3170 59 59 3297
3171 59 59 3182
3172 59 59 3216
3173 59 59 1827
3174 59 59 1871
3175 59 59 920
3176 59 59 2425
3177 59 59 3262
3178 59 59 3269
3179 59 59 2855
3180 59 59 1581
3181 59 59 1425
3182 59 59 2518
3183 59 59 3697
3184 59 59 3196
3185 59 59 2015
3186 59 59 3750
3187 59 59 78
3188 59 59 712
3189 59 59 3661
3190 59 59 1877
3191 59 59 412
3192 59 59 666
3193 59 59 2662
3194 59 59 3512
3195 59 59 1399
3196 59 59 3349
3197 59 59 2445
3198 59 59 3135
3199 59 59 2558
3200 59 59 1733
3201 59 59 2630
3202 59 59 2607
3203 59 59 559
3204 59 59 3099
3205 59 59 2190
3206 59 59 2668
3207 59 59 1038
3208 59 59 891
3209 59 59 795
3210 59 59 802
3211 59 59 2098
3212 59 59 116
3213 59 59 2428
3214 59 59 596
3215 59 59 3093
3216 59 59 3825
3217 59 59 1569
3218 59 59 1851
3219 59 59 1924
3220 59 59 3434
3221 59 59 1651
3222 59 59 1819
3223 59 59 1659
3224 59 59 1962
3225 59 59 3064
3226 59 59 3655
3227 59 59 63
3228 59 59 2060
3229 59 59 3761
3230 59 59 2800
3231 59 59 1424
3232 59 59 460
3233 59 59 1478
3234 59 59 2599
3235 59 59 2120
3236 59 59 3724
3237 59 59 451
3238 59 59 1556
3239 59 59 202
3240 59 59 206
3241 59 59 504
3242 59 59 313
3243 59 59 2750
3244 59 59 2908
3245 59 59 2996
3246 59 59 3197
3247 59 59 1125
3248 59 59 3130
3249 59 59 1310
3250 59 59 3327
3251 59 59 3270
3252 59 59 481
3253 59 59 2283
3254 59 59 1610
3255 59 59 679
3256 59 59 1225
3257 59 59 3376
3258 59 59 3772
3259 59 59 1364
3260 59 59 2377
3261 59 59 1886
3262 59 59 180
3263 59 59 217
3264 59 59 1121
3265 59 59 1765
3266 59 59 1483
3267 59 59 3478
3268 59 59 720
3269 59 59 1858
3270 59 59 2055
3271 59 59 888
3272 59 59 277
3273 59 59 3531
3274 59 59 1918
3275 59 59 1493
3276 59 59 2433
3277 59 59 1588
3278 59 59 338
3279 59 59 1019
3280 59 59 2703
3281 59 59 2789
3282 59 59 2467
3283 59 59 3521
3284 59 59 3396
3285 59 59 675
3286 59 59 1206
3287 59 59 801
3288 59 59 580
3289 59 59 2819
3290 59 59 2556
3291 59 59 1954
3292 59 59 3358
3293 59 59 1420
3294 59 59 1517
3295 59 59 3831
3296 59 59 2843
3297 59 59 906
3298 59 59 3748
3299 59 59 710
3300 59 59 239
3301 59 59 2540
3302 59 59 3557
3303 59 59 911
3304 59 59 366
3305 59 59 1688
3306 59 59 459
3307 59 59 353
3308 59 59 1590
3309 59 59 273
3310 59 59 1797
3311 59 59 1485
3312 59 59 1511
3313 59 59 1831
3314 59 59 2235
3315 59 59 222
3316 59 59 3701
3317 59 59 1997
3318 59 59 1481
3319 59 59 431
3320 59 59 3793
3321 59 59 951
3322 59 59 3346
3323 59 59 1305
3324 59 59 1411
3325 59 59 1972
3326 59 59 2289
3327 59 59 942
3328 59 59 1509
3329 59 59 994
3330 59 59 1456
3331 59 59 3116
3332 59 59 213
3333 59 59 2482
3334 59 59 3578
3335 59 59 371
3336 59 59 1603
3337 59 59 576
3338 59 59 363
3339 59 59 526
3340 59 59 2345
3341 59 59 3665
3342 59 59 270
3343 59 59 688
3344 59 59 900
3345 59 59 1952
3346 59 59 357
3347 59 59 1040
3348 59 59 1397
3349 59 59 2126
3350 59 59 2434
3351 59 59 2261
3352 59 59 1487
3353 59 59 3174
3354 59 59 3025
3355 59 59 2128
3356 59 59 668
3357 59 59 2704
3358 59 59 2562
3359 59 59 2669
3360 59 59 1112
3361 59 59 236
3362 59 59 3111
3363 59 59 2355
3364 59 59 1197
3365 59 59 3325
3366 59 59 1542
3367 59 59 82
3368 59 59 3659
3369 59 59 140
3370 59 59 3387
3371 59 59 655
3372 59 59 2143
3373 59 59 656
3374 59 59 3119
3375 59 59 2350
3376 59 59 3670
3377 59 59 2260
3378 59 59 3813
3379 59 59 2547
3380 59 59 1730
3381 59 59 2214
3382 59 59 2205
3383 59 59 2272
3384 59 59 2930
3385 59 59 1348
3386 59 59 3210
3387 59 59 936
3388 59 59 2592
3389 59 59 3784
3390 59 59 11
3391 59 59 2462
3392 59 59 1587
3393 59 59 1216
3394 59 59 1664
3395 59 59 959
3396 59 59 3411
3397 59 59 2823
3398 59 59 681
3399 59 59 3585
3400 59 59 2504
3401 59 59 786
3402 59 59 1516
3403 59 59 851
3404 59 59 427
3405 59 59 1028
3406 59 59 1614
3407 59 59 3574
3408 59 59 2990
3409 59 59 1235
3410 59 59 2005
3411 59 59 2320
3412 59 59 3838
3413 59 59 539
3414 59 59 509
3415 59 59 2228
3416 59 59 2450
3417 59 59 204
3418 59 59 3317
3419 59 59 1435
3420 59 59 2090
3421 59 59 1138
3422 59 59 1135
3423 59 59 3103
3424 59 59 1280
3425 59 59 2351
3426 59 59 1193
3427 59 59 2333
3428 59 59 833
3429 59 59 1554
3430 59 59 976
3431 59 59 1601
3432 59 59 1466
3433 59 59 343
3434 59 59 3779
3435 59 59 2845
3436 59 59 1297
3437 59 59 2109
3438 59 59 2227
3439 59 59 2864
3440 59 59 355
3441 59 59 225
3442 59 59 3758
3443 59 59 415
3444 59 59 1295
3445 59 59 43
3446 59 59 2563
3447 59 59 3023
3448 59 59 1815
3449 59 59 2998
3450 59 59 118
3451 59 59 3646
3452 59 59 1137
3453 59 59 3086
3454 59 59 1663
3455 59 59 2614
3456 59 59 687
3457 59 59 288
3458 59 59 3278
3459 59 59 721
3460 59 59 2934
3461 59 59 2312
3462 59 59 3816
3463 59 59 3300
3464 59 59 2152
3465 59 59 3364
3466 59 59 1379
3467 59 59 2404
3468 59 59 974
3469 59 59 1896
3470 59 59 1016
3471 59 59 2596
3472 59 59 3744
3473 59 59 2836
3474 59 59 3417
3475 59 59 486
3476 59 59 186
3477 59 59 139
3478 59 59 2326
3479 59 59 400
3480 59 59 1840
3481 59 59 3715
3482 59 59 1018
3483 59 59 228
3484 59 59 268
3485 59 59 1148
3486 59 59 790
3487 59 59 3717
3488 59 59 3334
3489 59 59 2287
3490 59 59 696
3491 59 59 2615
3492 59 59 360
3493 59 59 2900
3494 59 59 2782
3495 59 59 3773
3496 59 59 2765
3497 59 59 542
3498 59 59 2632
3499 59 59 25
3500 59 59 3504
3501 59 59 3329
3502 59 59 2955
3503 59 59 2635
3504 59 59 1906
3505 59 59 2184
3506 59 59 555
3507 59 59 646
3508 59 59 1416
3509 59 59 1108
3510 59 59 231
3511 59 59 3451
3512 59 59 1214
3513 59 59 1695
3514 59 59 3426
3515 59 59 3180
3516 59 59 2959
3517 59 59 2315
3518 59 59 2846
3519 59 59 3229
3520 59 59 134
3521 59 59 662
3522 59 59 3563
3523 59 59 3123
3524 59 59 767
3525 59 59 574
3526 59 59 749
3527 59 59 2600
3528 59 59 3080
3529 59 59 1024
3530 59 59 1604
3531 59 59 1383
3532 59 59 2238
3533 59 59 2933
3534 59 59 1920
3535 59 59 3198
3536 59 59 831
3537 59 59 2243
3538 59 59 1343
3539 59 59 1515
3540 59 59 251
3541 59 59 2983
3542 59 59 3167
3543 59 59 1843
3544 59 59 2206
3545 59 59 3390
3546 59 59 274
3547 59 59 3644
3548 59 59 2366
3549 59 59 74
3550 59 59 3588
3551 59 59 42
3552 59 59 3783
3553 59 59 2493
3554 59 59 1452
3555 59 59 3303
3556 59 59 471
3557 59 59 54
3558 59 59 1041
3559 59 59 2616
3560 59 59 2292
3561 59 59 1660
3562 59 59 3806
3563 59 59 1596
3564 59 59 2690
3565 59 59 2009
3566 59 59 1198
3567 59 59 1881
3568 59 59 2658
3569 59 59 2744
3570 59 59 238
3571 59 59 3703
3572 59 59 1503
3573 59 59 3586
3574 59 59 3634
3575 59 59 1222
3576 59 59 1239
3577 59 59 2508
3578 59 59 156
3579 59 59 1691
3580 59 59 874
3581 59 59 923
3582 59 59 817
3583 59 59 2502
3584 59 59 614
3585 59 59 161
3586 59 59 1236
3587 59 59 713
3588 59 59 3513
3589 59 59 1257
3590 59 59 2403
3591 59 59 1326
3592 59 59 2002
3593 59 59 2868
3594 59 59 872
3595 59 59 1031
3596 59 59 3217
3597 59 59 2989
3598 59 59 2020
3599 59 59 1036
3600 59 59 1433
3601 59 59 322
3602 59 59 1666
3603 59 59 442
3604 59 59 3343
3605 59 59 2644
3606 59 59 1772
3607 59 59 2721
3608 59 59 2568
3609 59 59 544
3610 59 59 3560
3611 59 59 1546
3612 59 59 2973
3613 59 59 657
3614 59 59 610
3615 59 59 2042
3616 59 59 1520
3617 59 59 1048
3618 59 59 3534
3619 59 59 3385
3620 59 59 230
3621 59 59 717
3622 59 59 2400
3623 59 59 2951
3624 59 59 1787
3625 59 59 3097
3626 59 59 130
3627 59 59 410
3628 59 59 3561
3629 59 59 2111
3630 59 59 3651
3631 59 59 1616
3632 59 59 558
3633 59 59 2975
3634 59 59 1888
3635 59 59 3291
3636 59 59 3357
3637 59 59 339
3638 59 59 1213
3639 59 59 3230
3640 59 59 1047
3641 59 59 1473
3642 59 59 17
3643 59 59 2103
3644 59 59 240
3645 59 59 2082
3646 59 59 758
3647 59 59 682
3648 59 59 2655
3649 59 59 2984
3650 59 59 3533
3651 59 59 869
3652 59 59 1439
3653 59 59 2880
3654 59 59 604
3655 59 59 2808
3656 59 59 469
3657 59 59 2678
3658 59 59 2591
3659 59 59 2178
3660 59 59 660
3661 59 59 1756
3662 59 59 1627
3663 59 59 2643
3664 59 59 1551
3665 59 59 1218
3666 59 59 847
3667 59 59 1414
3668 59 59 334
3669 59 59 2651
3670 59 59 1806
3671 59 59 1160
3672 59 59 3641
3673 59 59 3753
3674 59 59 2691
3675 59 59 3822
3676 59 59 1620
3677 59 59 1836
3678 59 59 2373
3679 59 59 61
3680 59 59 2677
3681 59 59 291
3682 59 59 931
3683 59 59 2078
3684 59 59 3548
3685 59 59 2735
3686 59 59 3436
3687 59 59 3296
3688 59 59 809
3689 59 59 1802
3690 59 59 1761
3691 59 59 3536
3692 59 59 2045
3693 59 59 27
3694 59 59 3809
3695 59 59 326
3696 59 59 2444
3697 59 59 2590
3698 59 59 356
3699 59 59 1279
3700 59 59 3075
3701 59 59 3448
3702 59 59 2300
3703 59 59 209
3704 59 59 3049
3705 59 59 3152
3706 59 59 649
3707 59 59 1476
3708 59 59 1887
3709 59 59 2531
3710 59 59 1015
3711 59 59 1625
3712 59 59 438
3713 59 59 860
3714 59 59 1072
3715 59 59 1229
3716 59 59 1990
3717 59 59 1674
3718 59 59 3741
3719 59 59 2057
3720 59 59 585
3721 59 59 392
3722 59 59 2164
3723 59 59 464
3724 59 59 2863
3725 59 59 3726
3726 59 59 1050
3727 59 59 2308
3728 59 59 1969
3729 59 59 1529
3730 59 59 2489
3731 59 59 441
3732 59 59 571
3733 59 59 1361
3734 59 59 2416
3735 59 59 2201
3736 59 59 20
3737 59 59 3234
3738 59 59 1455
3739 59 59 1365
3740 59 59 1693
3741 59 59 591
3742 59 59 1311
3743 59 59 68
3744 59 59 373
3745 59 59 3227
3746 59 59 3685
3747 59 59 1555
3748 59 59 2463
3749 59 59 436
3750 59 59 1052
3751 59 59 1444
3752 59 59 2948
3753 59 59 426
3754 59 59 404
3755 59 59 2112
3756 59 59 2894
3757 59 59 3186
3758 59 59 1833
3759 59 59 2359
3760 59 59 695
3761 59 59 1269
3762 59 59 1463
3763 59 59 2873
3764 59 59 816
3765 59 59 2907
3766 59 59 794
3767 59 59 1232
3768 59 59 2001
3769 59 59 3095
3770 59 59 1913
3771 59 59 651
3772 59 59 1884
3773 59 59 1233
3774 59 59 2378
3775 59 59 3012
3776 59 59 172
3777 59 59 358
3778 59 59 2968
3779 59 59 1459
3780 59 59 2180
3781 59 59 2779
3782 59 59 146
3783 59 59 1090
3784 59 59 1953
3785 59 59 3549
3786 59 59 2743
3787 59 59 1496
3788 59 59 2569
3789 59 59 3178
3790 59 59 3754
3791 59 59 45
3792 59 59 2686
3793 59 59 1488
3794 59 59 2115
3795 59 59 297
3796 59 59 1255
3797 59 59 2470
3798 59 59 805
3799 59 59 901
3800 59 59 3636
3801 59 59 3087
3802 59 59 1454
3803 59 59 785
3804 59 59 1402
3805 59 59 2785
3806 59 59 3632
3807 59 59 3676
3808 59 59 3035
3809 59 59 2119
3810 59 59 3600
3811 59 59 3805
3812 59 59 3628
3813 59 59 2740
3814 59 59 2025
3815 59 59 3645
3816 59 59 1474
3817 59 59 181
3818 59 59 3833
3819 59 59 1065
3820 59 59 3696
3821 59 59 1714
3822 59 59 3719
3823 59 59 1592
3824 59 59 1204
3825 59 59 500
3826 59 59 941
3827 59 59 1490
3828 59 59 1234
3829 59 59 3594
3830 59 59 1268
3831 59 59 2505
3832 59 59 3299
3833 59 59 1905
3834 59 59 2248
3835 59 59 2861
3836 59 59 2039
3837 59 59 3380
3838 59 59 553
3839 59 59 374
3840 59 59 3657
3841 59 59 3237
