1 29 29 310
2 29 29 235
3 29 29 553
4 29 29 622
5 29 29 725
6 29 29 705
7 29 29 796
8 29 29 610
9 29 29 554
10 29 29 392
11 29 29 463
12 29 29 589
13 29 29 818
14 29 29 152
15 29 29 598
16 29 29 515
17 29 29 421
18 29 29 27
19 29 29 160
20 29 29 676
21 29 29 324
22 29 29 576
23 29 29 478
24 29 29 210
25 29 29 284
26 29 29 574
27 29 29 552
28 29 29 793
29 29 29 568
30 29 29 286
31 29 29 613
32 29 29 280
33 29 29 336
34 29 29 126
35 29 29 711
36 29 29 431
37 29 29 774
38 29 29 493
39 29 29 201
40 29 29 556
41 29 29 371
42 29 29 35
43 29 29 772
44 29 29 695
45 29 29 448
46 29 29 450
47 29 29 107
48 29 29 694
49 29 29 482
50 29 29 157
51 29 29 84
52 29 29 200
53 29 29 733
54 29 29 237
55 29 29 608
56 29 29 775
57 29 29 58
58 29 29 489
59 29 29 291
60 29 29 238
61 29 29 327
62 29 29 573
63 29 29 17
64 29 29 138
65 29 29 726
66 29 29 833
67 29 29 656
68 29 29 191
69 29 29 541
70 29 29 135
71 29 29 771
72 29 29 7
73 29 29 319
74 29 29 513
75 29 29 583
76 29 29 596
77 29 29 303
78 29 29 90
79 29 29 122
80 29 29 285
81 29 29 536
82 29 29 692
83 29 29 175
84 29 29 602
85 29 29 370
86 29 29 504
87 29 29 190
88 29 29 551
89 29 29 737
90 29 29 8
91 29 29 660
92 29 29 464
93 29 29 118
94 29 29 718
95 29 29 530
96 29 29 804
97 29 29 344
98 29 29 145
99 29 29 363
100 29 29 825
101 29 29 373
102 29 29 724
103 29 29 299
104 29 29 832
105 29 29 678
106 29 29 55
107 29 29 233
108 29 29 592
109 29 29 481
110 29 29 236
111 29 29 155
112 29 29 187
113 29 29 320
114 29 29 812
115 29 29 749
116 29 29 646
117 29 29 103
118 29 29 400
119 29 29 452
120 29 29 51
121 29 29 805
122 29 29 544
123 29 29 563
124 29 29 375
125 29 29 778
126 29 29 460
127 29 29 765
128 29 29 472
129 29 29 619
130 29 29 209
131 29 29 579
132 29 29 41
133 29 29 50
134 29 29 358
135 29 29 293
136 29 29 419
137 29 29 144
138 29 29 751
139 29 29 471
140 29 29 454
141 29 29 571
142 29 29 42
143 29 29 158
144 29 29 29
145 29 29 712
146 29 29 11
147 29 29 281
148 29 29 265
149 29 29 764
150 29 29 61
151 29 29 514
152 29 29 808
153 29 29 171
154 29 29 811
155 29 29 791
156 29 29 305
157 29 29 19
158 29 29 77
159 29 29 91
160 29 29 97
161 29 29 810
162 29 29 189
163 29 29 95
164 29 29 572
165 29 29 46
166 29 29 56
167 29 29 230
168 29 29 193
169 29 29 79
170 29 29 689
171 29 29 433
172 29 29 404
173 29 29 599
174 29 29 451
175 29 29 74
176 29 29 603
177 29 29 53
178 29 29 256
179 29 29 114
180 29 29 587
181 29 29 557
182 29 29 781
183 29 29 511
184 29 29 747
185 29 29 279
186 29 29 770
187 29 29 139
188 29 29 73
189 29 29 799
190 29 29 821
191 29 29 376
192 29 29 494
193 29 29 381
194 29 29 347
195 29 29 168
196 29 29 121
197 29 29 525
198 29 29 362
199 29 29 229
200 29 29 64
201 29 29 475
202 29 29 446
203 29 29 357
204 29 29 722
205 29 29 334
206 29 29 318
207 29 29 30
208 29 29 502
209 29 29 661
210 29 29 690
211 29 29 828
212 29 29 735
213 29 29 746
214 29 29 113
215 29 29 399
216 29 29 307
217 29 29 335
218 29 29 444
219 29 29 217
220 29 29 780
221 29 29 650
222 29 29 110
223 29 29 330
224 29 29 348
225 29 29 508
226 29 29 268
227 29 29 627
228 29 29 188
229 29 29 817
230 29 29 549
231 29 29 703
232 29 29 484
233 29 29 496
234 29 29 540
235 29 29 266
236 29 29 149
237 29 29 566
238 29 29 750
239 29 29 734
240 29 29 681
241 29 29 607
242 29 29 203
243 29 29 99
244 29 29 707
245 29 29 529
246 29 29 241
247 29 29 143
248 29 29 23
249 29 29 447
250 29 29 630
251 29 29 59
252 29 29 255
253 29 29 52
254 29 29 317
255 29 29 741
256 29 29 263
257 29 29 683
258 29 29 698
259 29 29 427
260 29 29 653
261 29 29 814
262 29 29 499
263 29 29 497
264 29 29 594
265 29 29 141
266 29 29 754
267 29 29 680
268 29 29 831
269 29 29 329
270 29 29 146
271 29 29 333
272 29 29 213
273 29 29 700
274 29 29 578
275 29 29 468
276 29 29 254
277 29 29 304
278 29 29 415
279 29 29 403
280 29 29 795
281 29 29 290
282 29 29 840
283 29 29 101
284 29 29 542
285 29 29 743
286 29 29 96
287 29 29 295
288 29 29 546
289 29 29 351
290 29 29 221
291 29 29 123
292 29 29 162
293 29 29 326
294 29 29 156
295 29 29 800
296 29 29 618
297 29 29 411
298 29 29 225
299 29 29 364
300 29 29 309
301 29 29 297
302 29 29 396
303 29 29 18
304 29 29 577
305 29 29 100
306 29 29 659
307 29 29 378
308 29 29 248
309 29 29 462
310 29 29 500
311 29 29 5
312 29 29 159
313 29 29 28
314 29 29 224
315 29 29 715
316 29 29 548
317 29 29 555
318 29 29 183
319 29 29 60
320 29 29 345
321 29 29 253
322 29 29 414
323 29 29 346
324 29 29 803
325 29 29 186
326 29 29 709
327 29 29 523
328 29 29 721
329 29 29 637
330 29 29 410
331 29 29 397
332 29 29 231
333 29 29 426
334 29 29 441
335 29 29 315
336 29 29 699
337 29 29 214
338 29 29 38
339 29 29 615
340 29 29 366
341 29 29 539
342 29 29 111
343 29 29 94
344 29 29 128
345 29 29 624
346 29 29 259
347 29 29 66
348 29 29 332
349 29 29 302
350 29 29 240
351 29 29 283
352 29 29 591
353 29 29 730
354 29 29 528
355 29 29 443
356 29 29 461
357 29 29 67
358 29 29 558
359 29 29 199
360 29 29 342
361 29 29 761
362 29 29 635
363 29 29 151
364 29 29 82
365 29 29 262
366 29 29 736
367 29 29 672
368 29 29 178
369 29 29 21
370 29 29 287
371 29 29 367
372 29 29 202
373 29 29 655
374 29 29 657
375 29 29 759
376 29 29 228
377 29 29 106
378 29 29 581
379 29 29 485
380 29 29 455
381 29 29 626
382 29 29 368
383 29 29 85
384 29 29 837
385 29 29 819
386 29 29 437
387 29 29 70
388 29 29 270
389 29 29 34
390 29 29 620
391 29 29 389
392 29 29 693
393 29 29 648
394 29 29 706
395 29 29 611
396 29 29 234
397 29 29 182
398 29 29 786
399 29 29 243
400 29 29 115
401 29 29 532
402 29 29 756
403 29 29 670
404 29 29 738
405 29 29 167
406 29 29 174
407 29 29 306
408 29 29 617
409 29 29 288
410 29 29 173
411 29 29 480
412 29 29 311
413 29 29 684
414 29 29 512
415 29 29 62
416 29 29 719
417 29 29 519
418 29 29 40
419 29 29 597
420 29 29 643
421 29 29 834
422 29 29 782
423 29 29 769
424 29 29 250
425 29 29 487
426 29 29 251
427 29 29 105
428 29 29 338
429 29 29 383
430 29 29 822
431 29 29 616
432 29 29 161
433 29 29 757
434 29 29 758
435 29 29 516
436 29 29 407
437 29 29 550
438 29 29 584
439 29 29 39
440 29 29 575
441 29 29 277
442 29 29 565
443 29 29 257
444 29 29 45
445 29 29 669
446 29 29 212
447 29 29 323
448 29 29 420
449 29 29 816
450 29 29 813
451 29 29 198
452 29 29 102
453 29 29 798
454 29 29 264
455 29 29 108
456 29 29 465
457 29 29 423
458 29 29 686
459 29 29 408
460 29 29 22
461 29 29 14
462 29 29 580
463 29 29 343
464 29 29 267
465 29 29 125
466 29 29 486
467 29 29 802
468 29 29 559
469 29 29 133
470 29 29 466
471 29 29 787
472 29 29 507
473 29 29 567
474 29 29 807
475 29 29 206
476 29 29 132
477 29 29 762
478 29 29 621
479 29 29 117
480 29 29 147
481 29 29 275
482 29 29 261
483 29 29 647
484 29 29 328
485 29 29 170
486 29 29 374
487 29 29 2
488 29 29 185
489 29 29 119
490 29 29 390
491 29 29 424
492 29 29 9
493 29 29 150
494 29 29 165
495 29 29 479
496 29 29 629
497 29 29 33
498 29 29 628
499 29 29 526
500 29 29 164
501 29 29 522
502 29 29 180
503 29 29 154
504 29 29 449
505 29 29 292
506 29 29 714
507 29 29 671
508 29 29 379
509 29 29 710
510 29 29 142
511 29 29 658
512 29 29 232
513 29 29 760
514 29 29 593
515 29 29 623
516 29 29 605
517 29 29 582
518 29 29 498
519 29 29 590
520 29 29 76
521 29 29 44
522 29 29 524
523 29 29 439
524 29 29 360
525 29 29 75
526 29 29 72
527 29 29 654
528 29 29 260
529 29 29 385
530 29 29 458
531 29 29 43
532 29 29 49
533 29 29 697
534 29 29 296
535 29 29 797
536 29 29 790
537 29 29 402
538 29 29 197
539 29 29 417
540 29 29 166
541 29 29 16
542 29 29 63
543 29 29 606
544 29 29 313
545 29 29 518
546 29 29 456
547 29 29 638
548 29 29 388
549 29 29 474
550 29 29 827
551 29 29 68
552 29 29 204
553 29 29 57
554 29 29 409
555 29 29 413
556 29 29 779
557 29 29 87
558 29 29 176
559 29 29 826
560 29 29 713
561 29 29 666
562 29 29 824
563 29 29 300
564 29 29 520
565 29 29 398
566 29 29 12
567 29 29 282
568 29 29 702
569 29 29 600
570 29 29 745
571 29 29 416
572 29 29 104
573 29 29 1
574 29 29 505
575 29 29 274
576 29 29 792
577 29 29 639
578 29 29 491
579 29 29 244
580 29 29 322
581 29 29 271
582 29 29 640
583 29 29 131
584 29 29 838
585 29 29 625
586 29 29 531
587 29 29 753
588 29 29 755
589 29 29 169
590 29 29 720
591 29 29 83
592 29 29 517
593 29 29 841
594 29 29 823
595 29 29 384
596 29 29 418
597 29 29 98
598 29 29 729
599 29 29 278
600 29 29 353
601 29 29 732
602 29 29 391
603 29 29 349
604 29 29 459
605 29 29 140
606 29 29 215
607 29 29 731
608 29 29 179
609 29 29 273
610 29 29 679
611 29 29 377
612 29 29 136
613 29 29 112
614 29 29 662
615 29 29 81
616 29 29 109
617 29 29 453
618 29 29 356
619 29 29 361
620 29 29 89
621 29 29 788
622 29 29 245
623 29 29 80
624 29 29 633
625 29 29 406
626 29 29 148
627 29 29 405
628 29 29 359
629 29 29 801
630 29 29 71
631 29 29 612
632 29 29 739
633 29 29 467
634 29 29 216
635 29 29 642
636 29 29 355
637 29 29 308
638 29 29 137
639 29 29 130
640 29 29 564
641 29 29 727
642 29 29 675
643 29 29 510
644 29 29 777
645 29 29 382
646 29 29 31
647 29 29 527
648 29 29 829
649 29 29 134
650 29 29 289
651 29 29 192
652 29 29 783
653 29 29 24
654 29 29 473
655 29 29 723
656 29 29 561
657 29 29 682
658 29 29 830
659 29 29 687
660 29 29 120
661 29 29 37
662 29 29 434
663 29 29 704
664 29 29 766
665 29 29 47
666 29 29 535
667 29 29 440
668 29 29 380
669 29 29 219
670 29 29 247
671 29 29 395
672 29 29 839
673 29 29 649
674 29 29 93
675 29 29 763
676 29 29 269
677 29 29 432
678 29 29 509
679 29 29 54
680 29 29 6
681 29 29 78
682 29 29 124
683 29 29 369
684 29 29 430
685 29 29 325
686 29 29 641
687 29 29 673
688 29 29 570
689 29 29 69
690 29 29 604
691 29 29 365
692 29 29 337
693 29 29 632
694 29 29 222
695 29 29 614
696 29 29 226
697 29 29 435
698 29 29 601
699 29 29 789
700 29 29 794
701 29 29 815
702 29 29 15
703 29 29 742
704 29 29 562
705 29 29 127
706 29 29 677
707 29 29 341
708 29 29 457
709 29 29 258
710 29 29 477
711 29 29 560
712 29 29 312
713 29 29 239
714 29 29 246
715 29 29 768
716 29 29 588
717 29 29 92
718 29 29 223
719 29 29 184
720 29 29 422
721 29 29 652
722 29 29 352
723 29 29 784
724 29 29 153
725 29 29 13
726 29 29 211
727 29 29 469
728 29 29 595
729 29 29 428
730 29 29 545
731 29 29 181
732 29 29 488
733 29 29 425
734 29 29 609
735 29 29 20
736 29 29 631
737 29 29 634
738 29 29 387
739 29 29 276
740 29 29 252
741 29 29 4
742 29 29 717
743 29 29 476
744 29 29 506
745 29 29 767
746 29 29 492
747 29 29 340
748 29 29 820
749 29 29 227
750 29 29 298
751 29 29 483
752 29 29 331
753 29 29 36
754 29 29 470
755 29 29 3
756 29 29 116
757 29 29 809
758 29 29 785
759 29 29 129
760 29 29 806
761 29 29 495
762 29 29 401
763 29 29 218
764 29 29 569
765 29 29 393
766 29 29 220
767 29 29 445
768 29 29 386
769 29 29 537
770 29 29 728
771 29 29 65
772 29 29 645
773 29 29 249
774 29 29 172
775 29 29 533
776 29 29 674
777 29 29 48
778 29 29 294
779 29 29 534
780 29 29 503
781 29 29 688
782 29 29 10
783 29 29 740
784 29 29 663
785 29 29 701
786 29 29 836
787 29 29 547
788 29 29 585
789 29 29 354
790 29 29 195
791 29 29 501
792 29 29 667
793 29 29 25
794 29 29 744
795 29 29 242
796 29 29 716
797 29 29 26
798 29 29 636
799 29 29 301
800 29 29 691
801 29 29 665
802 29 29 314
803 29 29 521
804 29 29 321
805 29 29 194
806 29 29 773
807 29 29 748
808 29 29 438
809 29 29 776
810 29 29 752
811 29 29 586
812 29 29 668
813 29 29 350
814 29 29 208
815 29 29 205
816 29 29 490
817 29 29 372
818 29 29 442
819 29 29 394
820 29 29 177
821 29 29 543
822 29 29 651
823 29 29 88
824 29 29 207
825 29 29 835
826 29 29 429
827 29 29 436
828 29 29 86
829 29 29 538
830 29 29 272
831 29 29 664
832 29 29 196
833 29 29 644
834 29 29 708
835 29 29 316
836 29 29 163
837 29 29 339
838 29 29 685
839 29 29 412
840 29 29 696
841 29 29 32
