1 29 29 615
2 29 29 548
3 29 29 496
4 29 29 15
5 29 29 572
6 29 29 140
7 29 29 638
8 29 29 676
9 29 29 318
10 29 29 484
11 29 29 240
12 29 29 3
13 29 29 275
14 29 29 825
15 29 29 567
16 29 29 160
17 29 29 644
18 29 29 171
19 29 29 75
20 29 29 593
21 29 29 250
22 29 29 61
23 29 29 17
24 29 29 468
25 29 29 756
26 29 29 25
27 29 29 481
28 29 29 482
29 29 29 155
30 29 29 602
31 29 29 158
32 29 29 792
33 29 29 144
34 29 29 402
35 29 29 76
36 29 29 167
37 29 29 648
38 29 29 658
39 29 29 564
40 29 29 259
41 29 29 757
42 29 29 816
43 29 29 507
44 29 29 711
45 29 29 737
46 29 29 242
47 29 29 536
48 29 29 490
49 29 29 90
50 29 29 215
51 29 29 503
52 29 29 164
53 29 29 352
54 29 29 492
55 29 29 26
56 29 29 5
57 29 29 166
58 29 29 786
59 29 29 769
60 29 29 526
61 29 29 214
62 29 29 674
63 29 29 697
64 29 29 708
65 29 29 733
66 29 29 199
67 29 29 403
68 29 29 207
69 29 29 331
70 29 29 119
71 29 29 494
72 29 29 105
73 29 29 201
74 29 29 483
75 29 29 534
76 29 29 212
77 29 29 657
78 29 29 628
79 29 29 552
80 29 29 722
81 29 29 91
82 29 29 284
83 29 29 430
84 29 29 274
85 29 29 232
86 29 29 346
87 29 29 178
88 29 29 510
89 29 29 672
90 29 29 51
91 29 29 260
92 29 29 296
93 29 29 306
94 29 29 632
95 29 29 815
96 29 29 387
97 29 29 554
98 29 29 58
99 29 29 566
100 29 29 54
101 29 29 748
102 29 29 669
103 29 29 359
104 29 29 476
105 29 29 551
106 29 29 265
107 29 29 596
108 29 29 612
109 29 29 299
110 29 29 70
111 29 29 45
112 29 29 752
113 29 29 598
114 29 29 8
115 29 29 185
116 29 29 614
117 29 29 152
118 29 29 827
119 29 29 115
120 29 29 322
121 29 29 696
122 29 29 549
123 29 29 405
124 29 29 663
125 29 29 522
126 29 29 633
127 29 29 37
128 29 29 751
129 29 29 664
130 29 29 33
131 29 29 404
132 29 29 184
133 29 29 579
134 29 29 344
135 29 29 100
136 29 29 334
137 29 29 502
138 29 29 417
139 29 29 538
140 29 29 535
141 29 29 129
142 29 29 832
143 29 29 319
144 29 29 369
145 29 29 776
146 29 29 104
147 29 29 796
148 29 29 606
149 29 29 553
150 29 29 563
151 29 29 840
152 29 29 685
153 29 29 789
154 29 29 247
155 29 29 746
156 29 29 392
157 29 29 393
158 29 29 19
159 29 29 528
160 29 29 679
161 29 29 539
162 29 29 703
163 29 29 835
164 29 29 692
165 29 29 252
166 29 29 834
167 29 29 149
168 29 29 425
169 29 29 182
170 29 29 92
171 29 29 305
172 29 29 376
173 29 29 315
174 29 29 122
175 29 29 208
176 29 29 187
177 29 29 456
178 29 29 65
179 29 29 698
180 29 29 418
181 29 29 147
182 29 29 465
183 29 29 668
184 29 29 64
185 29 29 423
186 29 29 584
187 29 29 806
188 29 29 660
189 29 29 440
190 29 29 123
191 29 29 295
192 29 29 521
193 29 29 690
194 29 29 327
195 29 29 616
196 29 29 723
197 29 29 47
198 29 29 459
199 29 29 118
200 29 29 439
201 29 29 597
202 29 29 302
203 29 29 41
204 29 29 773
205 29 29 159
206 29 29 287
207 29 29 455
208 29 29 532
209 29 29 130
210 29 29 206
211 29 29 739
212 29 29 485
213 29 29 829
214 29 29 525
215 29 29 531
216 29 29 580
217 29 29 87
218 29 29 332
219 29 29 630
220 29 29 407
221 29 29 613
222 29 29 204
223 29 29 141
224 29 29 335
225 29 29 197
226 29 29 186
227 29 29 727
228 29 29 709
229 29 29 718
230 29 29 540
231 29 29 537
232 29 29 262
233 29 29 833
234 29 29 527
235 29 29 583
236 29 29 413
237 29 29 300
238 29 29 747
239 29 29 772
240 29 29 361
241 29 29 137
242 29 29 288
243 29 29 600
244 29 29 272
245 29 29 655
246 29 29 569
247 29 29 565
248 29 29 134
249 29 29 817
250 29 29 95
251 29 29 227
252 29 29 766
253 29 29 643
254 29 29 501
255 29 29 493
256 29 29 504
257 29 29 433
258 29 29 381
259 29 29 410
260 29 29 395
261 29 29 667
262 29 29 591
263 29 29 180
264 29 29 509
265 29 29 32
266 29 29 94
267 29 29 670
268 29 29 196
269 29 29 542
270 29 29 377
271 29 29 560
272 29 29 177
273 29 29 620
274 29 29 836
275 29 29 635
276 29 29 518
277 29 29 495
278 29 29 762
279 29 29 311
280 29 29 785
281 29 29 18
282 29 29 286
283 29 29 69
284 29 29 24
285 29 29 209
286 29 29 706
287 29 29 397
288 29 29 519
289 29 29 307
290 29 29 66
291 29 29 760
292 29 29 38
293 29 29 743
294 29 29 101
295 29 29 562
296 29 29 505
297 29 29 343
298 29 29 213
299 29 29 198
300 29 29 84
301 29 29 487
302 29 29 248
303 29 29 523
304 29 29 211
305 29 29 680
306 29 29 148
307 29 29 830
308 29 29 348
309 29 29 443
310 29 29 97
311 29 29 372
312 29 29 176
313 29 29 622
314 29 29 385
315 29 29 121
316 29 29 358
317 29 29 594
318 29 29 629
319 29 29 576
320 29 29 807
321 29 29 356
322 29 29 479
323 29 29 308
324 29 29 88
325 29 29 803
326 29 29 719
327 29 29 463
328 29 29 109
329 29 29 742
330 29 29 601
331 29 29 256
332 29 29 781
333 29 29 556
334 29 29 603
335 29 29 378
336 29 29 102
337 29 29 619
338 29 29 515
339 29 29 839
340 29 29 298
341 29 29 639
342 29 29 790
343 29 29 759
344 29 29 106
345 29 29 112
346 29 29 258
347 29 29 28
348 29 29 588
349 29 29 689
350 29 29 427
351 29 29 424
352 29 29 44
353 29 29 50
354 29 29 520
355 29 29 457
356 29 29 822
357 29 29 585
358 29 29 436
359 29 29 753
360 29 29 194
361 29 29 625
362 29 29 30
363 29 29 462
364 29 29 710
365 29 29 203
366 29 29 12
367 29 29 132
368 29 29 96
369 29 29 244
370 29 29 89
371 29 29 575
372 29 29 251
373 29 29 16
374 29 29 421
375 29 29 190
376 29 29 13
377 29 29 396
378 29 29 714
379 29 29 650
380 29 29 724
381 29 29 371
382 29 29 656
383 29 29 382
384 29 29 543
385 29 29 336
386 29 29 805
387 29 29 618
388 29 29 681
389 29 29 677
390 29 29 573
391 29 29 783
392 29 29 40
393 29 29 470
394 29 29 661
395 29 29 838
396 29 29 2
397 29 29 828
398 29 29 354
399 29 29 341
400 29 29 429
401 29 29 263
402 29 29 412
403 29 29 257
404 29 29 7
405 29 29 627
406 29 29 704
407 29 29 763
408 29 29 472
409 29 29 113
410 29 29 145
411 29 29 191
412 29 29 21
413 29 29 414
414 29 29 798
415 29 29 675
416 29 29 374
417 29 29 755
418 29 29 695
419 29 29 320
420 29 29 165
421 29 29 53
422 29 29 49
423 29 29 498
424 29 29 11
425 29 29 653
426 29 29 365
427 29 29 634
428 29 29 545
429 29 29 750
430 29 29 735
431 29 29 694
432 29 29 738
433 29 29 339
434 29 29 645
435 29 29 819
436 29 29 813
437 29 29 39
438 29 29 309
439 29 29 277
440 29 29 684
441 29 29 27
442 29 29 636
443 29 29 246
444 29 29 821
445 29 29 795
446 29 29 491
447 29 29 823
448 29 29 651
449 29 29 128
450 29 29 81
451 29 29 225
452 29 29 809
453 29 29 770
454 29 29 338
455 29 29 524
456 29 29 111
457 29 29 55
458 29 29 499
459 29 29 268
460 29 29 444
461 29 29 239
462 29 29 270
463 29 29 151
464 29 29 68
465 29 29 131
466 29 29 787
467 29 29 416
468 29 29 731
469 29 29 626
470 29 29 652
471 29 29 380
472 29 29 73
473 29 29 108
474 29 29 353
475 29 29 818
476 29 29 654
477 29 29 357
478 29 29 253
479 29 29 99
480 29 29 511
481 29 29 150
482 29 29 422
483 29 29 355
484 29 29 173
485 29 29 514
486 29 29 375
487 29 29 241
488 29 29 72
489 29 29 370
490 29 29 36
491 29 29 701
492 29 29 400
493 29 29 230
494 29 29 500
495 29 29 313
496 29 29 80
497 29 29 321
498 29 29 489
499 29 29 767
500 29 29 610
501 29 29 488
502 29 29 557
503 29 29 749
504 29 29 590
505 29 29 745
506 29 29 77
507 29 29 29
508 29 29 458
509 29 29 10
510 29 29 702
511 29 29 6
512 29 29 323
513 29 29 283
514 29 29 175
515 29 29 342
516 29 29 726
517 29 29 712
518 29 29 581
519 29 29 480
520 29 29 411
521 29 29 229
522 29 29 116
523 29 29 512
524 29 29 419
525 29 29 558
526 29 29 409
527 29 29 516
528 29 29 153
529 29 29 48
530 29 29 266
531 29 29 467
532 29 29 20
533 29 29 451
534 29 29 587
535 29 29 85
536 29 29 678
537 29 29 446
538 29 29 189
539 29 29 224
540 29 29 415
541 29 29 646
542 29 29 720
543 29 29 568
544 29 29 764
545 29 29 802
546 29 29 303
547 29 29 169
548 29 29 136
549 29 29 570
550 29 29 831
551 29 29 143
552 29 29 292
553 29 29 294
554 29 29 133
555 29 29 192
556 29 29 188
557 29 29 290
558 29 29 390
559 29 29 200
560 29 29 62
561 29 29 351
562 29 29 156
563 29 29 110
564 29 29 408
565 29 29 216
566 29 29 717
567 29 29 273
568 29 29 362
569 29 29 264
570 29 29 808
571 29 29 461
572 29 29 705
573 29 29 269
574 29 29 249
575 29 29 686
576 29 29 349
577 29 29 386
578 29 29 310
579 29 29 544
580 29 29 547
581 29 29 466
582 29 29 642
583 29 29 688
584 29 29 271
585 29 29 347
586 29 29 43
587 29 29 586
588 29 29 824
589 29 29 350
590 29 29 117
591 29 29 426
592 29 29 114
593 29 29 791
594 29 29 715
595 29 29 441
596 29 29 238
597 29 29 278
598 29 29 127
599 29 29 533
600 29 29 360
601 29 29 761
602 29 29 420
603 29 29 231
604 29 29 245
605 29 29 389
606 29 29 363
607 29 29 794
608 29 29 237
609 29 29 326
610 29 29 448
611 29 29 758
612 29 29 469
613 29 29 810
614 29 29 235
615 29 29 744
616 29 29 734
617 29 29 56
618 29 29 506
619 29 29 508
620 29 29 729
621 29 29 82
622 29 29 666
623 29 29 170
624 29 29 366
625 29 29 220
626 29 29 780
627 29 29 486
628 29 29 221
629 29 29 647
630 29 29 434
631 29 29 478
632 29 29 607
633 29 29 577
634 29 29 595
635 29 29 784
636 29 29 530
637 29 29 662
638 29 29 700
639 29 29 67
640 29 29 621
641 29 29 135
642 29 29 608
643 29 29 449
644 29 29 154
645 29 29 193
646 29 29 659
647 29 29 474
648 29 29 473
649 29 29 98
650 29 29 337
651 29 29 181
652 29 29 345
653 29 29 383
654 29 29 624
655 29 29 279
656 29 29 497
657 29 29 555
658 29 29 9
659 29 29 42
660 29 29 233
661 29 29 142
662 29 29 826
663 29 29 559
664 29 29 693
665 29 29 373
666 29 29 730
667 29 29 765
668 29 29 687
669 29 29 103
670 29 29 435
671 29 29 23
672 29 29 438
673 29 29 649
674 29 29 120
675 29 29 228
676 29 29 471
677 29 29 60
678 29 29 592
679 29 29 398
680 29 29 368
681 29 29 432
682 29 29 297
683 29 29 83
684 29 29 800
685 29 29 754
686 29 29 168
687 29 29 317
688 29 29 301
689 29 29 205
690 29 29 599
691 29 29 34
692 29 29 637
693 29 29 218
694 29 29 46
695 29 29 63
696 29 29 1
697 29 29 195
698 29 29 736
699 29 29 707
700 29 29 304
701 29 29 316
702 29 29 174
703 29 29 86
704 29 29 574
705 29 29 406
706 29 29 725
707 29 29 79
708 29 29 226
709 29 29 665
710 29 29 222
711 29 29 126
712 29 29 35
713 29 29 328
714 29 29 452
715 29 29 71
716 29 29 550
717 29 29 146
718 29 29 788
719 29 29 125
720 29 29 324
721 29 29 59
722 29 29 721
723 29 29 589
724 29 29 428
725 29 29 255
726 29 29 691
727 29 29 513
728 29 29 529
729 29 29 477
730 29 29 450
731 29 29 333
732 29 29 312
733 29 29 541
734 29 29 78
735 29 29 107
736 29 29 640
737 29 29 837
738 29 29 617
739 29 29 820
740 29 29 330
741 29 29 340
742 29 29 367
743 29 29 673
744 29 29 716
745 29 29 267
746 29 29 445
747 29 29 475
748 29 29 364
749 29 29 768
750 29 29 276
751 29 29 793
752 29 29 804
753 29 29 254
754 29 29 22
755 29 29 93
756 29 29 401
757 29 29 546
758 29 29 285
759 29 29 314
760 29 29 280
761 29 29 699
762 29 29 210
763 29 29 391
764 29 29 388
765 29 29 282
766 29 29 671
767 29 29 582
768 29 29 464
769 29 29 631
770 29 29 399
771 29 29 801
772 29 29 775
773 29 29 394
774 29 29 779
775 29 29 217
776 29 29 219
777 29 29 641
778 29 29 202
779 29 29 329
780 29 29 139
781 29 29 453
782 29 29 812
783 29 29 293
784 29 29 442
785 29 29 814
786 29 29 14
787 29 29 325
788 29 29 157
789 29 29 778
790 29 29 291
791 29 29 281
792 29 29 261
793 29 29 138
794 29 29 777
795 29 29 799
796 29 29 605
797 29 29 713
798 29 29 172
799 29 29 611
800 29 29 57
801 29 29 460
802 29 29 161
803 29 29 223
804 29 29 431
805 29 29 289
806 29 29 732
807 29 29 771
808 29 29 811
809 29 29 179
810 29 29 740
811 29 29 782
812 29 29 609
813 29 29 571
814 29 29 31
815 29 29 841
816 29 29 682
817 29 29 447
818 29 29 623
819 29 29 517
820 29 29 561
821 29 29 236
822 29 29 183
823 29 29 578
824 29 29 774
825 29 29 52
826 29 29 454
827 29 29 234
828 29 29 797
829 29 29 728
830 29 29 163
831 29 29 4
832 29 29 741
833 29 29 437
834 29 29 604
835 29 29 243
836 29 29 379
837 29 29 384
838 29 29 162
839 29 29 683
840 29 29 124
841 29 29 74
