1 59 59 1336
2 59 59 1862
3 59 59 1382
4 59 59 1102
5 59 59 1973
6 59 59 1752
7 59 59 2379
8 59 59 1870
9 59 59 1273
10 59 59 1990
11 59 59 2101
12 59 59 981
13 59 59 1341
14 59 59 1848
15 59 59 1625
16 59 59 1675
17 59 59 1929
18 59 59 960
19 59 59 1375
20 59 59 1798
21 59 59 2562
22 59 59 1988
23 59 59 1261
24 59 59 1691
25 59 59 1866
26 59 59 1151
27 59 59 1689
28 59 59 1508
29 59 59 2513
30 59 59 1327
31 59 59 2568
32 59 59 1559
33 59 59 2141
34 59 59 1496
35 59 59 1680
36 59 59 1626
37 59 59 1925
38 59 59 1914
39 59 59 1812
40 59 59 1078
41 59 59 920
42 59 59 985
43 59 59 2554
44 59 59 2328
45 59 59 1609
46 59 59 2105
47 59 59 1100
48 59 59 2443
49 59 59 1632
50 59 59 2210
51 59 59 1165
52 59 59 1141
53 59 59 1139
54 59 59 1086
55 59 59 2150
56 59 59 1266
57 59 59 2261
58 59 59 1621
59 59 59 2271
60 59 59 1153
61 59 59 1036
62 59 59 1568
63 59 59 1687
64 59 59 2566
65 59 59 2390
66 59 59 1396
67 59 59 2330
68 59 59 1399
69 59 59 1140
70 59 59 1494
71 59 59 2458
72 59 59 1221
73 59 59 1518
74 59 59 1563
75 59 59 1737
76 59 59 2553
77 59 59 1618
78 59 59 2212
79 59 59 2453
80 59 59 2576
81 59 59 2400
82 59 59 2215
83 59 59 1256
84 59 59 988
85 59 59 1732
86 59 59 2045
87 59 59 1904
88 59 59 1918
89 59 59 1207
90 59 59 1865
91 59 59 1498
92 59 59 1342
93 59 59 1147
94 59 59 2083
95 59 59 1622
96 59 59 1032
97 59 59 2505
98 59 59 1143
99 59 59 2506
100 59 59 2385
101 59 59 1042
102 59 59 1334
103 59 59 1814
104 59 59 1740
105 59 59 1043
106 59 59 1024
107 59 59 2452
108 59 59 2404
109 59 59 1627
110 59 59 2155
111 59 59 1164
112 59 59 1433
113 59 59 1152
114 59 59 1326
115 59 59 1969
116 59 59 1570
117 59 59 1438
118 59 59 2456
119 59 59 2455
120 59 59 1967
121 59 59 2457
122 59 59 982
123 59 59 2152
124 59 59 2344
125 59 59 1339
126 59 59 1917
127 59 59 1441
128 59 59 2144
129 59 59 2398
130 59 59 1335
131 59 59 1802
132 59 59 901
133 59 59 1963
134 59 59 908
135 59 59 1980
136 59 59 1455
137 59 59 1255
138 59 59 1796
139 59 59 1923
140 59 59 1550
141 59 59 1861
142 59 59 909
143 59 59 1317
144 59 59 2557
145 59 59 2089
146 59 59 2092
147 59 59 1854
148 59 59 2108
149 59 59 1678
150 59 59 904
151 59 59 1029
152 59 59 2148
153 59 59 1557
154 59 59 1673
155 59 59 2321
156 59 59 2043
157 59 59 2448
158 59 59 1316
159 59 59 928
160 59 59 1324
161 59 59 2573
162 59 59 1987
163 59 59 1212
164 59 59 1855
165 59 59 1035
166 59 59 2164
167 59 59 1330
168 59 59 2522
169 59 59 2518
170 59 59 1576
171 59 59 1106
172 59 59 2334
173 59 59 2107
174 59 59 2501
175 59 59 2273
176 59 59 2392
177 59 59 2500
178 59 59 2162
179 59 59 1091
180 59 59 1208
181 59 59 1696
182 59 59 2579
183 59 59 1748
184 59 59 1906
185 59 59 1787
186 59 59 1378
187 59 59 1388
188 59 59 1501
189 59 59 1924
190 59 59 1449
191 59 59 1505
192 59 59 2023
193 59 59 1397
194 59 59 1851
195 59 59 1805
196 59 59 1506
197 59 59 2341
198 59 59 1023
199 59 59 1727
200 59 59 1514
201 59 59 1447
202 59 59 1736
203 59 59 2325
204 59 59 2578
205 59 59 1046
206 59 59 2275
207 59 59 921
208 59 59 911
209 59 59 1635
210 59 59 1794
211 59 59 1972
212 59 59 2097
213 59 59 1751
214 59 59 2260
215 59 59 1087
216 59 59 1020
217 59 59 2445
218 59 59 1672
219 59 59 1392
220 59 59 2507
221 59 59 2153
222 59 59 1850
223 59 59 1634
224 59 59 1138
225 59 59 1786
226 59 59 1750
227 59 59 2384
228 59 59 2343
229 59 59 2093
230 59 59 1909
231 59 59 1220
232 59 59 1755
233 59 59 1858
234 59 59 2498
235 59 59 1197
236 59 59 1744
237 59 59 1279
238 59 59 2200
239 59 59 1811
240 59 59 1553
241 59 59 1567
242 59 59 2393
243 59 59 2382
244 59 59 1614
245 59 59 2146
246 59 59 1450
247 59 59 2516
248 59 59 2258
249 59 59 2044
250 59 59 2450
251 59 59 2265
252 59 59 2147
253 59 59 2047
254 59 59 1799
255 59 59 1932
256 59 59 962
257 59 59 2086
258 59 59 1101
259 59 59 2391
260 59 59 1271
261 59 59 1971
262 59 59 2322
263 59 59 1081
264 59 59 2048
265 59 59 2085
266 59 59 2340
267 59 59 1150
268 59 59 1435
269 59 59 1913
270 59 59 1146
271 59 59 2339
272 59 59 1905
273 59 59 1552
274 59 59 1845
275 59 59 1730
276 59 59 1968
277 59 59 1394
278 59 59 2106
279 59 59 2345
280 59 59 2285
281 59 59 1105
282 59 59 1668
283 59 59 2317
284 59 59 1571
285 59 59 1686
286 59 59 1274
287 59 59 2380
288 59 59 1753
289 59 59 2142
290 59 59 2046
291 59 59 2577
292 59 59 1504
293 59 59 1386
294 59 59 1088
295 59 59 978
296 59 59 1613
297 59 59 1383
298 59 59 1499
299 59 59 927
300 59 59 2029
301 59 59 2575
302 59 59 2283
303 59 59 2104
304 59 59 929
305 59 59 1513
306 59 59 2024
307 59 59 2386
308 59 59 1460
309 59 59 1206
310 59 59 1223
311 59 59 2038
312 59 59 2140
313 59 59 1846
314 59 59 1790
315 59 59 1577
316 59 59 2274
317 59 59 2512
318 59 59 902
319 59 59 1082
320 59 59 1745
321 59 59 1215
322 59 59 2214
323 59 59 1331
324 59 59 2161
325 59 59 2286
326 59 59 966
327 59 59 1142
328 59 59 2509
329 59 59 2100
330 59 59 1617
331 59 59 1040
332 59 59 926
333 59 59 1337
334 59 59 1090
335 59 59 1611
336 59 59 2563
337 59 59 1315
338 59 59 2042
339 59 59 1734
340 59 59 2025
341 59 59 1270
342 59 59 907
343 59 59 1754
344 59 59 1019
345 59 59 1434
346 59 59 1674
347 59 59 2329
348 59 59 1810
349 59 59 1682
350 59 59 1144
351 59 59 906
352 59 59 2435
353 59 59 1738
354 59 59 1989
355 59 59 2036
356 59 59 1741
357 59 59 2028
358 59 59 2459
359 59 59 1314
360 59 59 1688
361 59 59 1155
362 59 59 1079
363 59 59 2336
364 59 59 1517
365 59 59 967
366 59 59 2268
367 59 59 2502
368 59 59 1629
369 59 59 1446
370 59 59 1163
371 59 59 2318
372 59 59 2199
373 59 59 1039
374 59 59 983
375 59 59 961
376 59 59 2494
377 59 59 2226
378 59 59 1991
379 59 59 1277
380 59 59 1037
381 59 59 924
382 59 59 1637
383 59 59 979
384 59 59 1436
385 59 59 1093
386 59 59 1791
387 59 59 2446
388 59 59 1920
389 59 59 2520
390 59 59 1809
391 59 59 2324
392 59 59 2571
393 59 59 1203
394 59 59 1852
395 59 59 1338
396 59 59 1793
397 59 59 2564
398 59 59 2517
399 59 59 1376
400 59 59 1631
401 59 59 1217
402 59 59 2094
403 59 59 1278
404 59 59 2208
405 59 59 1624
406 59 59 1975
407 59 59 1204
408 59 59 1931
409 59 59 2096
410 59 59 1041
411 59 59 2319
412 59 59 1202
413 59 59 2497
414 59 59 2103
415 59 59 1104
416 59 59 2224
417 59 59 2436
418 59 59 1565
419 59 59 1216
420 59 59 2034
421 59 59 1264
422 59 59 1928
423 59 59 1322
424 59 59 2156
425 59 59 1695
426 59 59 1282
427 59 59 1555
428 59 59 1869
429 59 59 1574
430 59 59 1456
431 59 59 1679
432 59 59 2163
433 59 59 2081
434 59 59 2581
435 59 59 2041
436 59 59 970
437 59 59 1083
438 59 59 1497
439 59 59 1320
440 59 59 2437
441 59 59 1200
442 59 59 2441
443 59 59 1400
444 59 59 2050
445 59 59 1551
446 59 59 2098
447 59 59 1137
448 59 59 1976
449 59 59 2267
450 59 59 2332
451 59 59 2521
452 59 59 2444
453 59 59 984
454 59 59 1804
455 59 59 1030
456 59 59 1262
457 59 59 1025
458 59 59 1276
459 59 59 2213
460 59 59 1683
461 59 59 2395
462 59 59 1981
463 59 59 1323
464 59 59 1333
465 59 59 964
466 59 59 2569
467 59 59 912
468 59 59 1907
469 59 59 1630
470 59 59 2331
471 59 59 1269
472 59 59 1519
473 59 59 1792
474 59 59 1442
475 59 59 2219
476 59 59 1684
477 59 59 973
478 59 59 2282
479 59 59 1148
480 59 59 1448
481 59 59 2514
482 59 59 1158
483 59 59 1389
484 59 59 2323
485 59 59 2099
486 59 59 2087
487 59 59 1965
488 59 59 2221
489 59 59 1806
490 59 59 2326
491 59 59 2565
492 59 59 1214
493 59 59 2335
494 59 59 1437
495 59 59 1325
496 59 59 1857
497 59 59 1636
498 59 59 2206
499 59 59 1983
500 59 59 1733
501 59 59 2383
502 59 59 1092
503 59 59 1867
504 59 59 1493
505 59 59 1045
506 59 59 1868
507 59 59 918
508 59 59 2449
509 59 59 1329
510 59 59 1022
511 59 59 1926
512 59 59 1677
513 59 59 1908
514 59 59 2217
515 59 59 1566
516 59 59 2504
517 59 59 910
518 59 59 2572
519 59 59 2503
520 59 59 1510
521 59 59 1671
522 59 59 1572
523 59 59 2580
524 59 59 2084
525 59 59 1964
526 59 59 1457
527 59 59 1159
528 59 59 1381
529 59 59 1332
530 59 59 1387
531 59 59 2284
532 59 59 1620
533 59 59 1739
534 59 59 1440
535 59 59 1801
536 59 59 2574
537 59 59 977
538 59 59 2278
539 59 59 1218
540 59 59 1742
541 59 59 1199
542 59 59 1669
543 59 59 2560
544 59 59 986
545 59 59 2567
546 59 59 2338
547 59 59 1161
548 59 59 2166
549 59 59 1459
550 59 59 905
551 59 59 1340
552 59 59 1979
553 59 59 1156
554 59 59 2460
555 59 59 1198
556 59 59 2090
557 59 59 2439
558 59 59 1558
559 59 59 1561
560 59 59 915
561 59 59 1385
562 59 59 1685
563 59 59 925
564 59 59 1393
565 59 59 1328
566 59 59 2559
567 59 59 2447
568 59 59 1209
569 59 59 1509
570 59 59 1445
571 59 59 2154
572 59 59 2201
573 59 59 2281
574 59 59 1871
575 59 59 1578
576 59 59 903
577 59 59 1157
578 59 59 1747
579 59 59 2378
580 59 59 2102
581 59 59 2279
582 59 59 2377
583 59 59 2205
584 59 59 2495
585 59 59 2272
586 59 59 1915
587 59 59 1097
588 59 59 1863
589 59 59 2570
590 59 59 1503
591 59 59 2463
592 59 59 1196
593 59 59 914
594 59 59 1201
595 59 59 2403
596 59 59 1616
597 59 59 1272
598 59 59 2157
599 59 59 1080
600 59 59 1978
601 59 59 2216
602 59 59 1319
603 59 59 1554
604 59 59 1853
605 59 59 2402
606 59 59 1735
607 59 59 2159
608 59 59 1619
609 59 59 2508
610 59 59 2032
611 59 59 1690
612 59 59 2039
613 59 59 1432
614 59 59 972
615 59 59 1491
616 59 59 1154
617 59 59 2031
618 59 59 2376
619 59 59 1693
620 59 59 1098
621 59 59 1219
622 59 59 2401
623 59 59 1511
624 59 59 1610
625 59 59 2515
626 59 59 1800
627 59 59 2396
628 59 59 2160
629 59 59 1966
630 59 59 2262
631 59 59 1731
632 59 59 2207
633 59 59 1813
634 59 59 1728
635 59 59 1749
636 59 59 1213
637 59 59 2149
638 59 59 1507
639 59 59 2333
640 59 59 2203
641 59 59 2556
642 59 59 923
643 59 59 2082
644 59 59 2143
645 59 59 1224
646 59 59 917
647 59 59 1927
648 59 59 1085
649 59 59 1912
650 59 59 2218
651 59 59 1444
652 59 59 2225
653 59 59 2499
654 59 59 2462
655 59 59 1556
656 59 59 2035
657 59 59 2168
658 59 59 1453
659 59 59 1911
660 59 59 1910
661 59 59 1401
662 59 59 1560
663 59 59 1974
664 59 59 2266
665 59 59 2440
666 59 59 1516
667 59 59 1984
668 59 59 1922
669 59 59 1612
670 59 59 2220
671 59 59 1398
672 59 59 1500
673 59 59 1380
674 59 59 2109
675 59 59 2167
676 59 59 2049
677 59 59 1492
678 59 59 2387
679 59 59 1096
680 59 59 2555
681 59 59 2269
682 59 59 975
683 59 59 2027
684 59 59 1222
685 59 59 968
686 59 59 1743
687 59 59 1026
688 59 59 1103
689 59 59 2227
690 59 59 2510
691 59 59 1321
692 59 59 2204
693 59 59 2026
694 59 59 2263
695 59 59 2461
696 59 59 2276
697 59 59 1318
698 59 59 1028
699 59 59 1379
700 59 59 1038
701 59 59 1027
702 59 59 1210
703 59 59 2397
704 59 59 2165
705 59 59 1849
706 59 59 965
707 59 59 2037
708 59 59 1391
709 59 59 1970
710 59 59 1569
711 59 59 1921
712 59 59 1033
713 59 59 2438
714 59 59 1789
715 59 59 2337
716 59 59 1797
717 59 59 2389
718 59 59 1681
719 59 59 1377
720 59 59 2088
721 59 59 1260
722 59 59 1089
723 59 59 1047
724 59 59 2209
725 59 59 1864
726 59 59 1044
727 59 59 1977
728 59 59 2223
729 59 59 1265
730 59 59 1873
731 59 59 1031
732 59 59 1149
733 59 59 1162
734 59 59 1676
735 59 59 1258
736 59 59 1515
737 59 59 1160
738 59 59 2327
739 59 59 2451
740 59 59 1746
741 59 59 1502
742 59 59 1452
743 59 59 1847
744 59 59 1986
745 59 59 987
746 59 59 2095
747 59 59 1628
748 59 59 1084
749 59 59 2558
750 59 59 1808
751 59 59 1860
752 59 59 1633
753 59 59 1094
754 59 59 1145
755 59 59 1099
756 59 59 1034
757 59 59 2381
758 59 59 2091
759 59 59 2399
760 59 59 1384
761 59 59 1257
762 59 59 1439
763 59 59 1564
764 59 59 2320
765 59 59 1451
766 59 59 980
767 59 59 2145
768 59 59 1919
769 59 59 1458
770 59 59 1807
771 59 59 2264
772 59 59 1495
773 59 59 1275
774 59 59 1268
775 59 59 971
776 59 59 1454
777 59 59 2030
778 59 59 2158
779 59 59 1443
780 59 59 2280
781 59 59 1095
782 59 59 2511
783 59 59 1205
784 59 59 1788
785 59 59 1694
786 59 59 1670
787 59 59 2519
788 59 59 2222
789 59 59 913
790 59 59 1562
791 59 59 1872
792 59 59 2033
793 59 59 919
794 59 59 2151
795 59 59 1280
796 59 59 2022
797 59 59 2270
798 59 59 1373
799 59 59 1803
800 59 59 2342
801 59 59 1692
802 59 59 2442
803 59 59 2496
804 59 59 2454
805 59 59 916
806 59 59 976
807 59 59 1982
808 59 59 1859
809 59 59 2211
810 59 59 974
811 59 59 1211
812 59 59 963
813 59 59 1374
814 59 59 2259
815 59 59 1856
816 59 59 2040
817 59 59 1512
818 59 59 2388
819 59 59 1623
820 59 59 1390
821 59 59 1281
822 59 59 2394
823 59 59 1985
824 59 59 1021
825 59 59 1615
826 59 59 922
827 59 59 2202
828 59 59 1395
829 59 59 1267
830 59 59 1795
831 59 59 2561
832 59 59 1930
833 59 59 1575
834 59 59 969
835 59 59 1283
836 59 59 1916
837 59 59 1729
838 59 59 2277
839 59 59 1573
840 59 59 1263
841 59 59 1259
