1 29 29 1
2 29 29 2
3 29 29 3
4 29 29 4
5 29 29 5
6 29 29 6
7 29 29 7
8 29 29 8
9 29 29 9
10 29 29 10
11 29 29 11
12 29 29 12
13 29 29 13
14 29 29 14
15 29 29 15
16 29 29 16
17 29 29 17
18 29 29 18
19 29 29 19
20 29 29 20
21 29 29 21
22 29 29 22
23 29 29 23
24 29 29 24
25 29 29 25
26 29 29 26
27 29 29 27
28 29 29 28
29 29 29 29
30 29 29 30
31 29 29 31
32 29 29 32
33 29 29 33
34 29 29 34
35 29 29 35
36 29 29 36
37 29 29 37
38 29 29 38
39 29 29 39
40 29 29 40
41 29 29 41
42 29 29 42
43 29 29 43
44 29 29 44
45 29 29 45
46 29 29 46
47 29 29 47
48 29 29 48
49 29 29 49
50 29 29 50
51 29 29 51
52 29 29 52
53 29 29 53
54 29 29 54
55 29 29 55
56 29 29 56
57 29 29 57
58 29 29 58
59 29 29 59
60 29 29 60
61 29 29 61
62 29 29 62
63 29 29 63
64 29 29 64
65 29 29 65
66 29 29 66
67 29 29 67
68 29 29 68
69 29 29 69
70 29 29 70
71 29 29 71
72 29 29 72
73 29 29 73
74 29 29 74
75 29 29 75
76 29 29 76
77 29 29 77
78 29 29 78
79 29 29 79
80 29 29 80
81 29 29 81
82 29 29 82
83 29 29 83
84 29 29 84
85 29 29 85
86 29 29 86
87 29 29 87
88 29 29 88
89 29 29 89
90 29 29 90
91 29 29 91
92 29 29 92
93 29 29 93
94 29 29 94
95 29 29 95
96 29 29 96
97 29 29 97
98 29 29 98
99 29 29 99
100 29 29 100
101 29 29 101
102 29 29 102
103 29 29 103
104 29 29 104
105 29 29 105
106 29 29 106
107 29 29 107
108 29 29 108
109 29 29 109
110 29 29 110
111 29 29 111
112 29 29 112
113 29 29 113
114 29 29 114
115 29 29 115
116 29 29 116
117 29 29 117
118 29 29 118
119 29 29 119
120 29 29 120
121 29 29 121
122 29 29 122
123 29 29 123
124 29 29 124
125 29 29 125
126 29 29 126
127 29 29 127
128 29 29 128
129 29 29 129
130 29 29 130
131 29 29 131
132 29 29 132
133 29 29 133
134 29 29 134
135 29 29 135
136 29 29 136
137 29 29 137
138 29 29 138
139 29 29 139
140 29 29 140
141 29 29 141
142 29 29 142
143 29 29 143
144 29 29 144
145 29 29 145
146 29 29 146
147 29 29 147
148 29 29 148
149 29 29 149
150 29 29 150
151 29 29 151
152 29 29 152
153 29 29 153
154 29 29 154
155 29 29 155
156 29 29 156
157 29 29 157
158 29 29 158
159 29 29 159
160 29 29 160
161 29 29 161
162 29 29 162
163 29 29 163
164 29 29 164
165 29 29 165
166 29 29 166
167 29 29 167
168 29 29 168
169 29 29 169
170 29 29 170
171 29 29 171
172 29 29 172
173 29 29 173
174 29 29 174
175 29 29 175
176 29 29 176
177 29 29 177
178 29 29 178
179 29 29 179
180 29 29 180
181 29 29 181
182 29 29 182
183 29 29 183
184 29 29 184
185 29 29 185
186 29 29 186
187 29 29 187
188 29 29 188
189 29 29 189
190 29 29 190
191 29 29 191
192 29 29 192
193 29 29 193
194 29 29 194
195 29 29 195
196 29 29 196
197 29 29 197
198 29 29 198
199 29 29 199
200 29 29 200
201 29 29 201
202 29 29 202
203 29 29 203
204 29 29 204
205 29 29 205
206 29 29 206
207 29 29 207
208 29 29 208
209 29 29 209
210 29 29 210
211 29 29 211
212 29 29 212
213 29 29 213
214 29 29 214
215 29 29 215
216 29 29 216
217 29 29 217
218 29 29 218
219 29 29 219
220 29 29 220
221 29 29 221
222 29 29 222
223 29 29 223
224 29 29 224
225 29 29 225
226 29 29 226
227 29 29 227
228 29 29 228
229 29 29 229
230 29 29 230
231 29 29 231
232 29 29 232
233 29 29 233
234 29 29 234
235 29 29 235
236 29 29 236
237 29 29 237
238 29 29 238
239 29 29 239
240 29 29 240
241 29 29 241
242 29 29 242
243 29 29 243
244 29 29 244
245 29 29 245
246 29 29 246
247 29 29 247
248 29 29 248
249 29 29 249
250 29 29 250
251 29 29 251
252 29 29 252
253 29 29 253
254 29 29 254
255 29 29 255
256 29 29 256
257 29 29 257
258 29 29 258
259 29 29 259
260 29 29 260
261 29 29 261
262 29 29 262
263 29 29 263
264 29 29 264
265 29 29 265
266 29 29 266
267 29 29 267
268 29 29 268
269 29 29 269
270 29 29 270
271 29 29 271
272 29 29 272
273 29 29 273
274 29 29 274
275 29 29 275
276 29 29 276
277 29 29 277
278 29 29 278
279 29 29 279
280 29 29 280
281 29 29 281
282 29 29 282
283 29 29 283
284 29 29 284
285 29 29 285
286 29 29 286
287 29 29 287
288 29 29 288
289 29 29 289
290 29 29 290
291 29 29 291
292 29 29 292
293 29 29 293
294 29 29 294
295 29 29 295
296 29 29 296
297 29 29 297
298 29 29 298
299 29 29 299
300 29 29 300
301 29 29 301
302 29 29 302
303 29 29 303
304 29 29 304
305 29 29 305
306 29 29 306
307 29 29 307
308 29 29 308
309 29 29 309
310 29 29 310
311 29 29 311
312 29 29 312
313 29 29 313
314 29 29 314
315 29 29 315
316 29 29 316
317 29 29 317
318 29 29 318
319 29 29 319
320 29 29 320
321 29 29 321
322 29 29 322
323 29 29 323
324 29 29 324
325 29 29 325
326 29 29 326
327 29 29 327
328 29 29 328
329 29 29 329
330 29 29 330
331 29 29 331
332 29 29 332
333 29 29 333
334 29 29 334
335 29 29 335
336 29 29 336
337 29 29 337
338 29 29 338
339 29 29 339
340 29 29 340
341 29 29 341
342 29 29 342
343 29 29 343
344 29 29 344
345 29 29 345
346 29 29 346
347 29 29 347
348 29 29 348
349 29 29 349
350 29 29 350
351 29 29 351
352 29 29 352
353 29 29 353
354 29 29 354
355 29 29 355
356 29 29 356
357 29 29 357
358 29 29 358
359 29 29 359
360 29 29 360
361 29 29 361
362 29 29 362
363 29 29 363
364 29 29 364
365 29 29 365
366 29 29 366
367 29 29 367
368 29 29 368
369 29 29 369
370 29 29 370
371 29 29 371
372 29 29 372
373 29 29 373
374 29 29 374
375 29 29 375
376 29 29 376
377 29 29 377
378 29 29 378
379 29 29 379
380 29 29 380
381 29 29 381
382 29 29 382
383 29 29 383
384 29 29 384
385 29 29 385
386 29 29 386
387 29 29 387
388 29 29 388
389 29 29 389
390 29 29 390
391 29 29 391
392 29 29 392
393 29 29 393
394 29 29 394
395 29 29 395
396 29 29 396
397 29 29 397
398 29 29 398
399 29 29 399
400 29 29 400
401 29 29 401
402 29 29 402
403 29 29 403
404 29 29 404
405 29 29 405
406 29 29 406
407 29 29 407
408 29 29 408
409 29 29 409
410 29 29 410
411 29 29 411
412 29 29 412
413 29 29 413
414 29 29 414
415 29 29 415
416 29 29 416
417 29 29 417
418 29 29 418
419 29 29 419
420 29 29 420
421 29 29 421
422 29 29 422
423 29 29 423
424 29 29 424
425 29 29 425
426 29 29 426
427 29 29 427
428 29 29 428
429 29 29 429
430 29 29 430
431 29 29 431
432 29 29 432
433 29 29 433
434 29 29 434
435 29 29 435
436 29 29 436
437 29 29 437
438 29 29 438
439 29 29 439
440 29 29 440
441 29 29 441
442 29 29 442
443 29 29 443
444 29 29 444
445 29 29 445
446 29 29 446
447 29 29 447
448 29 29 448
449 29 29 449
450 29 29 450
451 29 29 451
452 29 29 452
453 29 29 453
454 29 29 454
455 29 29 455
456 29 29 456
457 29 29 457
458 29 29 458
459 29 29 459
460 29 29 460
461 29 29 461
462 29 29 462
463 29 29 463
464 29 29 464
465 29 29 465
466 29 29 466
467 29 29 467
468 29 29 468
469 29 29 469
470 29 29 470
471 29 29 471
472 29 29 472
473 29 29 473
474 29 29 474
475 29 29 475
476 29 29 476
477 29 29 477
478 29 29 478
479 29 29 479
480 29 29 480
481 29 29 481
482 29 29 482
483 29 29 483
484 29 29 484
485 29 29 485
486 29 29 486
487 29 29 487
488 29 29 488
489 29 29 489
490 29 29 490
491 29 29 491
492 29 29 492
493 29 29 493
494 29 29 494
495 29 29 495
496 29 29 496
497 29 29 497
498 29 29 498
499 29 29 499
500 29 29 500
501 29 29 501
502 29 29 502
503 29 29 503
504 29 29 504
505 29 29 505
506 29 29 506
507 29 29 507
508 29 29 508
509 29 29 509
510 29 29 510
511 29 29 511
512 29 29 512
513 29 29 513
514 29 29 514
515 29 29 515
516 29 29 516
517 29 29 517
518 29 29 518
519 29 29 519
520 29 29 520
521 29 29 521
522 29 29 522
523 29 29 523
524 29 29 524
525 29 29 525
526 29 29 526
527 29 29 527
528 29 29 528
529 29 29 529
530 29 29 530
531 29 29 531
532 29 29 532
533 29 29 533
534 29 29 534
535 29 29 535
536 29 29 536
537 29 29 537
538 29 29 538
539 29 29 539
540 29 29 540
541 29 29 541
542 29 29 542
543 29 29 543
544 29 29 544
545 29 29 545
546 29 29 546
547 29 29 547
548 29 29 548
549 29 29 549
550 29 29 550
551 29 29 551
552 29 29 552
553 29 29 553
554 29 29 554
555 29 29 555
556 29 29 556
557 29 29 557
558 29 29 558
559 29 29 559
560 29 29 560
561 29 29 561
562 29 29 562
563 29 29 563
564 29 29 564
565 29 29 565
566 29 29 566
567 29 29 567
568 29 29 568
569 29 29 569
570 29 29 570
571 29 29 571
572 29 29 572
573 29 29 573
574 29 29 574
575 29 29 575
576 29 29 576
577 29 29 577
578 29 29 578
579 29 29 579
580 29 29 580
581 29 29 581
582 29 29 582
583 29 29 583
584 29 29 584
585 29 29 585
586 29 29 586
587 29 29 587
588 29 29 588
589 29 29 589
590 29 29 590
591 29 29 591
592 29 29 592
593 29 29 593
594 29 29 594
595 29 29 595
596 29 29 596
597 29 29 597
598 29 29 598
599 29 29 599
600 29 29 600
601 29 29 601
602 29 29 602
603 29 29 603
604 29 29 604
605 29 29 605
606 29 29 606
607 29 29 607
608 29 29 608
609 29 29 609
610 29 29 610
611 29 29 611
612 29 29 612
613 29 29 613
614 29 29 614
615 29 29 615
616 29 29 616
617 29 29 617
618 29 29 618
619 29 29 619
620 29 29 620
621 29 29 621
622 29 29 622
623 29 29 623
624 29 29 624
625 29 29 625
626 29 29 626
627 29 29 627
628 29 29 628
629 29 29 629
630 29 29 630
631 29 29 631
632 29 29 632
633 29 29 633
634 29 29 634
635 29 29 635
636 29 29 636
637 29 29 637
638 29 29 638
639 29 29 639
640 29 29 640
641 29 29 641
642 29 29 642
643 29 29 643
644 29 29 644
645 29 29 645
646 29 29 646
647 29 29 647
648 29 29 648
649 29 29 649
650 29 29 650
651 29 29 651
652 29 29 652
653 29 29 653
654 29 29 654
655 29 29 655
656 29 29 656
657 29 29 657
658 29 29 658
659 29 29 659
660 29 29 660
661 29 29 661
662 29 29 662
663 29 29 663
664 29 29 664
665 29 29 665
666 29 29 666
667 29 29 667
668 29 29 668
669 29 29 669
670 29 29 670
671 29 29 671
672 29 29 672
673 29 29 673
674 29 29 674
675 29 29 675
676 29 29 676
677 29 29 677
678 29 29 678
679 29 29 679
680 29 29 680
681 29 29 681
682 29 29 682
683 29 29 683
684 29 29 684
685 29 29 685
686 29 29 686
687 29 29 687
688 29 29 688
689 29 29 689
690 29 29 690
691 29 29 691
692 29 29 692
693 29 29 693
694 29 29 694
695 29 29 695
696 29 29 696
697 29 29 697
698 29 29 698
699 29 29 699
700 29 29 700
701 29 29 701
702 29 29 702
703 29 29 703
704 29 29 704
705 29 29 705
706 29 29 706
707 29 29 707
708 29 29 708
709 29 29 709
710 29 29 710
711 29 29 711
712 29 29 712
713 29 29 713
714 29 29 714
715 29 29 715
716 29 29 716
717 29 29 717
718 29 29 718
719 29 29 719
720 29 29 720
721 29 29 721
722 29 29 722
723 29 29 723
724 29 29 724
725 29 29 725
726 29 29 726
727 29 29 727
728 29 29 728
729 29 29 729
730 29 29 730
731 29 29 731
732 29 29 732
733 29 29 733
734 29 29 734
735 29 29 735
736 29 29 736
737 29 29 737
738 29 29 738
739 29 29 739
740 29 29 740
741 29 29 741
742 29 29 742
743 29 29 743
744 29 29 744
745 29 29 745
746 29 29 746
747 29 29 747
748 29 29 748
749 29 29 749
750 29 29 750
751 29 29 751
752 29 29 752
753 29 29 753
754 29 29 754
755 29 29 755
756 29 29 756
757 29 29 757
758 29 29 758
759 29 29 759
760 29 29 760
761 29 29 761
762 29 29 762
763 29 29 763
764 29 29 764
765 29 29 765
766 29 29 766
767 29 29 767
768 29 29 768
769 29 29 769
770 29 29 770
771 29 29 771
772 29 29 772
773 29 29 773
774 29 29 774
775 29 29 775
776 29 29 776
777 29 29 777
778 29 29 778
779 29 29 779
780 29 29 780
781 29 29 781
782 29 29 782
783 29 29 783
784 29 29 784
785 29 29 785
786 29 29 786
787 29 29 787
788 29 29 788
789 29 29 789
790 29 29 790
791 29 29 791
792 29 29 792
793 29 29 793
794 29 29 794
795 29 29 795
796 29 29 796
797 29 29 797
798 29 29 798
799 29 29 799
800 29 29 800
801 29 29 801
802 29 29 802
803 29 29 803
804 29 29 804
805 29 29 805
806 29 29 806
807 29 29 807
808 29 29 808
809 29 29 809
810 29 29 810
811 29 29 811
812 29 29 812
813 29 29 813
814 29 29 814
815 29 29 815
816 29 29 816
817 29 29 817
818 29 29 818
819 29 29 819
820 29 29 820
821 29 29 821
822 29 29 822
823 29 29 823
824 29 29 824
825 29 29 825
826 29 29 826
827 29 29 827
828 29 29 828
829 29 29 829
830 29 29 830
831 29 29 831
832 29 29 832
833 29 29 833
834 29 29 834
835 29 29 835
836 29 29 836
837 29 29 837
838 29 29 838
839 29 29 839
840 29 29 840
841 29 29 841
